000000000000000000000000000000000000000000000000000000000000000000000000000000000000000000000000000000000000000000000000000000000000000000000000000000
000000000000000000000000000000000000000000000000000000000000000000000000000000000000000000000000000000000000000000000000000000000000000000000000000000
000000000000000000000000000000000000000000000000000000000000000000000000000000000000000000000000000000000000000000000000000000000000000000000000000000
000000000000000000000000000000000000000000000000000000000000000000000000000000000000000000000000000000000000000000000000000000000000000000000000000000
000000000000000000000000000000000000000000000000000000000000000000000000000000000000000000000000000000000000000000000000000000000000000000000000000000
000000000000000000000000000000000000000000000000000000000000000000000000000000000000000000000000000000000000000000000000000000000000000000000000000000
000000000000000000000000000000000000000000000000000000000000000000000000000000000000000000000000000000000000000000000000000000000000000000000000000000
000000000000000000000000000000000000000000000000000000000000000000000000000000000000000000000000000000000000000000000000000000000000000000000000000000
000000000000000000000000000000000000000000000000000000000000000000000000000000000000000000000000000000000000000000000000000000000000000000000000000000
000000000000000000000000000000000000000000000000000000000000000000000000000000000000000000000000000000000000000000000000000000000000000000000000000000
000000000000000000000000000000000000000000000000000000000000000000000000000000000000000000000000000000000000000000000000000000000000000000000000000000
000000000000000000000000000000000000000000000000000000000000000000000000000000000000000000000000000000000000000000000000000000000000000000000000000000
000000000000000000000000000000000000000000000000000000000000000000000000000000000000000000000000000000000000000000000000000000000000000000000000000000
000000000000000000000000000000000000000000000000000000000000000000000000000000000000000000000000000000000000000000000000000000000000000000000000000000
000000000000000000000000000000000000000000000000000000000000000000000000000000000000000000000000000000000000000000000000000000000000000000000000000000
000000000000000000000000000000000000000000000000000000000000000000000000000000000000000000000000000000000000000000000000000000000000000000000000000000
000000000000000000000000000000000000000000000000000000000000000000000000000000000000000000000000000000000000000000000000000000000000000000000000000000
000000000000000000000000000000000000000000000000000000000000000000000000000000000000000000000000000000000000000000000000000000000000000000000000000000
000000000000000000000000000000000000000000000000000000000000000000000000000000000000000000000000000000000000000000000000000000000000000000000000000000
000000000000000000000000000000000000000000000000000000000000000000000000000000000000000000000000000000000000000000000000000000000000000000000000000000
000000000000000000000000000000000000000000000000000000000000000000000000000000000000000000000000000000000000000000000000000000000000000000000000000000
000000000000000000000000000000000000000000000000000000000000000000000000000000000000000000000000000000000000000000000000000000000000000000000000000000
000000000000000000000000000000000000000000000000000000000000000000000000000000000000000000000000000000000000000000000000000000000000000000000000000000
000000000000000000000000000000000000000000000000000000000000000000000000000000000000000000000000000000000000000000000000000000000000000000000000000000
000000000000000000000000000000000000000000000000000000000000000000000000000000000000000000000000000000000000000000000000000000000000000000000000000000
000000000000000000000000000000000000000000000000000000000000000000000000000000000000000000000000000000000000000000000000000000000000000000000000000000
000000000000000000000000000000000000000000000000000000000000000000000000000000000000000000000000000000000000000000000000000000000000000000000000000000
000000000000000000000000000000000000000000000000000000011111111111111111111111111111111111111111111111111111111111000000000000000000000000000000000000
000000000000000000000000000000000000000000000000000001111111111111111111111111111111111111111111111111111111111111111000000000000000000000000000000000
000000000000000000000000000000000000000000000000000111111111111111111111111111111111111111111111111111111111111111111100000000000000000000000000000000
000000000000000000000000000000000000000000110000011111111111111111111111111111111111111111111111111111111111111111111111000000000000000000000000000000
000000000000000000000000000000000000000000111000111111111111111111111111111111111111111111111111111111111111111111111111100000000000000000000000000000
000000000000000000000000000000000000000001111101111111111111111111111111111111111111111111111111111111111111111111111111100000000000000000000000000000
000000000000000000000000000000000000000001111111111111111111111111111111111111111111111111111111111111111111111111111111110000000000000000000000000000
000000000000000000000000000000000000000001111111111111111111111111111111111111111111111111111111111111111111111111111111111000000000000000000000000000
000000000000000000000000000000000000000001111111111111111111111111111111111111111111111111111111111111111111111111111111111000000000000000000000000000
000000000000000000000000000000000000000001111111111111111111111111111111111111111111111111111111111111111111111111111111111100000000000000000000000000
000000000000000000000000000000000000000001111111111111111111111111111111111111111111111111111111111111111111111111111111111100000000000000000000000000
000000000000000000000010000000000000000000111111111111111111111111111111111111111111111111111111111111111111111111111111111100000000000000000000000000
000000000000000000000110000000000000000000111111111111111111111111111111111111111111111111111111111111111111111111111111111110000000000000000000000000
000000000000000000000110000000000000000000111111111111111111111111111111111111111111111111111111111111111111111111111111111110000000000000000000000000
000000000000000000000111000000000000000000111111111111111111111111111111111111111111111111111111111111111111111111111111111110000000000000000000000000
000000000000000000000111000000000000000001111111111111111111111111111111111111111111111111111111111111111111111111111111111110000000000000000000000000
000000000000000000000111100000000000000011111111111111111111111111111111111111111111111111111111111111111111111111111111111110000000000000000000000000
000000000000000000000011110000011100001111111111111111111111111111111111111111111111111111111111111111111111111111111111111110000000000000000000000000
000000000000000000000011110000011111111111111111111111111111111111111111111111111111111111111111111111111111111111111111111110000000000000000000000000
000000000000000000000011111100001111111111111111111111111111111111111111111111111111111111111111111111111111111111111111111110000000000000000000000000
000000000000000000000001111110001111111111111111111111111111111111111111111111111111111111111111111111111111111111111111111110000000000000000000000000
000000000000000000000001111111111111111111111111111111111111111111111111111111111111111111111111111111111111111111111111111110000000000000000000000000
000000000000000000000000111111111111111111111111111111111111111111111111111111111111111111111111111111111111111111111111111110000000000000000000000000
000000000000000000000000011111111111111111111111111111111111111111111111111111111111111111111111111111111111111111111111111110000000000000000000000000
000000000000000000000000001111111111111111111111111111111111111111111111111111111111111111111111111111111111111111111111111110000000000000000000000000
000000000000000000000000000111111111111111111111111111111111111111111111111111111111111111111111111111111111111111111111111110000000000000000000000000
000000000000000000000000000011111111111111111111111111111111111111111111111111111111111111111111111111111111111111111111111110000000000000000000000000
000000000000000000000000000011111111111111111111111111111111111111111111111111111111111111111111111111111111111111111111111110000000000000000000000000
000000000000000000000000000011111111111111111111111111111111111111111111111111111111111111111111111111111111111111111111111110000000000000000000000000
000000000000000000000000000011111111111111111111111111111111111111111111111111111111111111111111111111111111111111111111111110000000000000000000000000
000000000000000000000000000011111111111111111111111111110111111111111111111111111111111111111111111111111111111111111111111110000000000000000000000000
000000000000000000000000000011111111111111111111111111100011111111111111111111111111111111111111111111111111111111111111111110000000000000000000000000
000000000000000000000000000011111111111111111111111111000001111111111111111111111111111111111111111111111111111111111111111110000000000000000000000000
000000000000000000000000000011111111111111111111111110000000011111111111111111111111111111111111111111111111111111111111111110000000000000000000000000
000000000000000000000000000000111111111111111111111100000000000111111111111111111111111111111111111111111111111111111111111110000000000000000000000000
000000000000000000000000000000001111111111100111110000000000000001111111111111111111111111111111111111111111111111111111111110000000000000000000000000
000000000000000000000000000000000000110000000001000000000000000000111111111111111111111111111111111111111111111111111111111110000000000000000000000000
000000000000000000000000000000000000000000000000000000000000000000111111111111111111111111111111111111111111111111111111111110000000000000000000000000
000000000000000000000000000000000000000000000000000000000000000000111111111111111111111111111111111111111111111111111111111110000000000000000000000000
000000000000000000000000000000000000000000000000000000000000000000111111111111111111111111111111111111111111111111111111111110000000000000000000000000
000000000000000000000000000000000000000000000000000000000000000000111111111110000000000000000000000000000000000000111111111110000000000000000000000000
000000000000000000000000000000000000000000000000000000000000000000111111111110000000000000000000000000000000000000011111111110000000000000000000000000
000000000000000000000000000000000000000000000000000000000000000000111111111110000000000000000000000000000000000000011111111110000000000000000000000000
000000000000000000000000000000000000000000000000000000000000000000111111111110000000000000000000000000000000000000011111111110000000000000000000000000
000000000000000000000000000000000000000000000000000000000000000000111111111100000000000000000000000000000000000000001111111110000000000000000000000000
000000000000000000000000000000000000000000000000000000000000000000011111111100000000000000000000000000000000000000001111111110000000000000000000000000
000000000000000000000000000000000000000000000000000000000000000000011111111100000000000000000000000000000000000000000111111110000000000000000000000000
000000000000000000000000000000000000000000000000000000000000000000011111111000000000000000000000000000000000000000000111111110000000000000000000000000
000000000000000000000000000000000000000000000000000000000000000000011111111000000000000000000000000000000000000000000011111110000000000000000000000000
000000000000000000000000000000000000000000000000000000000000000000011111111000000000000000000000000000000000000000000011111110000000000000000000000000
000000000000000000000000000000000000000000000000000000000000000000011111110000000000000000000000000000000000000000000011111110000000000000000000000000
000000000000000000000000000000000000000000000000000000000000000000011111110000000000000000000000000000000000000000000001111110000000000000000000000000
000000000000000000000000000000000000000000000000000000000000000000011111110000000000000000000000000000000000000000000001111110000000000000000000000000
000000000000000000000000000000000000000000000000000000000000000000001111100000000000000000000000000000000000000000000000111110000000000000000000000000
000000000000000000000000000000000000000000000000000000000000000000000000000000000000000000000000000000000000000000000000000000000000000000000000000000
000000000000000000000000000000000000000000000000000000000000000000000000000000000000000000000000000000000000000000000000000000000000000000000000000000
000000000000000000000000000000000000000000000000000000000000000000000000000000000000000000000000000000000000000000000000000000000000000000000000000000
000000000000000000000000000000000000000000000000000000000000000000000000000000000000000000000000000000000000000000000000000000000000000000000000000000
000000000000000000000000000000000000000000000000000000000000000000000000000000000000000000000000000000000000000000000000000000000000000000000000000000
000000000000000000000000000000000000000000000000000000000000000000000000000000000000000000000000000000000000000000000000000000000000000000000000000000
000000000000000000000000000000000000000000000000000000000000000000000000000000000000000000000000000000000000000000000000000000000000000000000000000000
000000000000000000000000000000000000000000000000000000000000000000000000000000000000000000000000000000000000000000000000000000000000000000000000000000
000000000000000000000000000000000000000000000000000000000000000000000000000000000000000000000000000000000000000000000000000000000000000000000000000000
000000000000000000000000000000000000000000000000000000000000000000000000000000000000000000000000000000000000000000000000000000000000000000000000000000
000000000000000000000000000000000000000000000000000000000000000000000000000000000000000000000000000000000000000000000000000000000000000000000000000000
000000000000000000000000000000000000000000000000000000000000000000000000000000000000000000000000000000000000000000000000000000000000000000000000000000
000000000000000000000000000000000000000000000000000000000000000000000000000000000000000000000000000000000000000000000000000000000000000000000000000000
000000000000000000000000000000000000000000000000000000000000000000000000000000000000000000000000000000000000000000000000000000000000000000000000000000
000000000000000000000000000000000000000000000000000000000000000000000000000000000000000000000000000000000000000000000000000000000000000000000000000000
000000000000000000000000000000000000000000000000000000000000000000000000000000000000000000000000000000000000000000000000000000000000000000000000000000
