0000000000000000000000000000000000000000000000000000000000000000000000000000000000000000000000000000
0000000000000000000000000000000000000000000000000000000000000000000000000000000000000000000000000000
0000000000000000000000000000000000000010000000000000000000000000000000000000000000000000000000000000
0000000000000000000000000000000000001111000000000000000000000000000000000000000000000000000000000000
0000000000000000000000000000000000011111000000000000000000000000000000000000000000000000000000000000
0000000000000000000000000000000000111111111110000000000000000000000000000000000000000000000000000000
0000000000000000000000000000000000111111111110000000000000000000000000000000000000000000000000000000
0000000000000000000000000000000001111111111111100000000000000000000000000000000000000000000000000000
0000000000000000000000000000000001111111111111110000000000000000000000000000000000000000000000000000
0000000000000000000000000000000011111111111111111100000000000000000000000000000000000000000000000000
0000000000000000000000000000000111111111111111111100000000000000000000000000000000000000000000000000
0000000000000000000000000000000111111111111111111111000000000000000000000000000000000000000000000000
0000000000000000000000000000001111111111111111111110000000000000000000000000000000000000000000000000
0000000000000000000000000000011111111011111111111111000000000000000000000000000000000000000000000000
0000000000000000000000000000011111110011111111111111100000000000000000000000000000000000000000000000
0000000000000000000000000000011110000001111111111111111000000000000000000000000000000000000000000000
0000000000000000000000000000011110000001111111111111110000000000000000000000000000000000000000000000
0000000000000000000000000000000000000001111111111111111100000000000000000000000000000000000000000000
0000000000000000000000000000000000000001111111111111111000000000000000000000000000000000000000000000
0000000000000000000000000000000000000001111111111111111000000000000000000000000000000000000000000000
0000000000000000000000000000000011000001111111111111111100000000000000000000000000000000000000000000
0000000000000000000000000000000111100011111111111111111000000000000000000000000000000000000000000000
0000000000000000000000000000000111110011111111111111111100000000000000000000000000000000000000000000
0000000000000000000000000000001111111011111111111111111000000000000000000000000000000000000000000000
0000000000000000000000000111111111111111111111111111111000000000000000000000000000000000000000000000
0000000000000000000000001111111111111111111111111111111000000000000000000000000000000000000000000000
0000000000000000000000001111111111111111111111111111111100000000000000000000000000000000000000000000
0000000000000000000000011100011101111111111111111111111111000000000000000000000000000000000000000000
0000000000000000000000111000011100111111111111111111111111110000000000000000000000000000000000000000
0000000000000000000001110000011100001111111111111111111111111100000000000000000000000000000000000000
0000000000000000000001100000011000000000011111111111111111111111000000000000000000000000000000000000
0000000000000000000011100000011110000000001111111111111111111111110000000000000000000000000000000000
0000000000000000000011100000001110000000001111111111111111111111111000000000000000000000000000000000
0000000000000000000011100000001110000000000111111111111111111111111110011111111000000000000000000000
0000000000000000000011000000001100000000000011111111111111111111111111111111111100000000000000000000
0000000000000000000000000000000000000000000001111111111111111111111111111111111110000000000000000000
0000000000000000000000000000000000000000000000111111111111111111111111111111111110000000000000000000
0000000000000000000000000000000000000000000000011111111111111111111111100111111111000000000000000000
0000000000000000000000000000000000000000000000000111111111111111111111110011111111000000000000000000
0000000000000000000000000000000000000000000000000001111111111111111111110011111111000000000000000000
0000000000000000000000000000000000000000000000000000000001111111111111100001111111000000000000000000
0000000000000000000000000000000000000000000000000000000001111111111111100001111111000000000000000000
0000000000000000000000000000000000000000000000000000000001111111111111100001111111000000000000000000
0000000000000000000000000000000000000000000000000000000001111111111111100001111111000000000000000000
0000000000000000000000000000000000000000000000000000000001111111111111100001111111000000000000000000
0000000000000000000000000000000000000000000000000000000000111111111111100001111111000000000000000000
0000000000000000000000000000000000000000000000000000000000111111111111110000111111100000000000000000
0000000000000000000000000000000000000000000000000000000000011111101111111100111111100000000000000000
0000000000000000000000000000000000000000000000000000000000001111110011111111111111110000000000000000
0000000000000000000000000000000000000000000000000000000000000111111000111111111111110000000000000000
0000000000000000000000000000000000000000000000000000000000000011111100000111101111111000000000000000
0000000000000000000000000000000000000000000000000000000000000001111110000011100111111100000000000000
0000000000000000000000000000000000000000000000000000000000000000011111000011000011111111000000000000
0000000000000000000000000000000000000000000000000000000000000000001111000011000000111000000000000000
0000000000000000000000000000000000000000000000000000000000000000001111000011000000000000000000000000
0000000000000000000000000000000000000000000000000000000000000000001110000011100000000000000000000000
0000000000000000000000000000000000000000000000000000000000000000001110000011100000000000000000000000
0000000000000000000000000000000000000000000000000000000000000000001100000011100000000000000000000000
0000000000000000000000000000000000000000000000000000000000000000001100000111100000000000000000000000
0000000000000000000000000000000000000000000000000000000000000000011100000111000000000000000000000000
0000000000000000000000000000000000000000000000000000000000000000011100001110000000000000000000000000
0000000000000000000000000000000000000000000000000000000000000000011100001111000000000000000000000000
0000000000000000000000000000000000000000000000000000000000000000011100001110000000000000000000000000
0000000000000000000000000000000000000000000000000000000000000000111000000000000000000000000000000000
0000000000000000000000000000000000000000000000000000000000000000110000000000000000000000000000000000
0000000000000000000000000000000000000000000000000000000000000001110000000000000000000000000000000000
0000000000000000000000000000000000000000000000000000000000000011100000000000000000000000000000000000
0000000000000000000000000000000000000000000000000000000000000111110000000000000000000000000000000000
0000000000000000000000000000000000000000000000000000000000000111100000000000000000000000000000000000
0000000000000000000000000000000000000000000000000000000000000000000000000000000000000000000000000000
0000000000000000000000000000000000000000000000000000000000000000000000000000000000000000000000000000
