0000000000000000000000000000000000000000000000000
0000000000000000000000000000000000000000000000000
0000000000000000000000000000000000000000000000000
0000000000000000000000000000000000000000000000000
0000000000000000001110000000000000000000000000000
0000000000000000111010000000000000000000000000000
0000000000000000000001000000000000000000000000000
0000000000000000000001000000000000000000000000000
0000000000000000000001000000000000000000000000000
0000000000000000000001000000000000000000000000000
0000000000000000000000100000000000000000000000000
0000000000000000000000100000000000000000000000000
0000000000001111111111110000000000000000000000000
0000000000011010000000010000000000000000000000000
0000000000010010000000001000000000000000000000000
0000000000100010000000001100000000000000000000000
0000000000100000000000000111000000000000000000000
0000000000000000000000000001110001111100000000000
0000000000000000000000000000001011000010000000000
0000000000000000000000000000001110000010000000000
0000000000000000000000000000000100000010000000000
0000000000000000000000000000000010000010000000000
0000000000000000000000000000000011000010000000000
0000000000000000000000000000000010110111000000000
0000000000000000000000000000000010011101000000000
0000000000000000000000000000000010001000110000000
0000000000000000000000000000000001001000000000000
0000000000000000000000000000000001001000000000000
0000000000000000000000000000000010001000000000000
0000000000000000000000000000000010001000000000000
0000000000000000000000000000000010001000000000000
0000000000000000000000000000000010000000000000000
0000000000000000000000000000000010000000000000000
0000000000000000000000000000000000000000000000000
0000000000000000000000000000000000000000000000000
