0000000000000000000000000000000000000000000000000000000000000000000000000000000000000000000000000000
0000000000000000000000000000000000000000000000000000000000000000000000000000000000000000000000000000
0000000000000000000000000000000000000000000000000000000000000000000000000000000000000000000000000000
0000000000000000000000000000000000000000000000000000000000000000000000000000000000000000000000000000
0000000000000000000000000000000000000000000000000000000000000000000000000000000000000000000000000000
0000000000000000000000000000000000000000000000000000000000000000000000000000000000000000000000000000
0000000000000000000000000000000000000000000000000000000000000000000000000000000000000000000000000000
0000000000000000000000000000000000000000000000000000000000000000000000000000000000000000000000000000
0000000000000000000000000000000000000000000000000000000000000000000000000000000000000000000000000000
0000000000000000000000000000000000000111100000000000000000000000000000000000000000000000000000000000
0000000000000000000000000000000000011100011000000000000000000000000000000000000000000000000000000000
0000000000000000000000000000000000110000001000000000000000000000000000000000000000000000000000000000
0000000000000000000000000000000011000000000100000000000000000000000000000000000000000000000000000000
0000000000000000000000000000000000000000000100000000000000000000000000000000000000000000000000000000
0000000000000000000000000000000000000000000010000000000000000000000000000000000000000000000000000000
0000000000000000000000000000000000000000000010000000000000000000000000000000000000000000000000000000
0000000000000000000000000000000000000000000010000000000000000000000000000000000000000000000000000000
0000000000000000000000000000000000000000000001000000000000000000000000000000000000000000000000000000
0000000000000000000000000000000000000000000001000000000000000000000000000000000000000000000000000000
0000000000000000000000000000000000000000000001000000000000000000000000000000000000000000000000000000
0000000000000000000000000000000000000000000001000000000000000000000000000000000000000000000000000000
0000000000000000000000000000000000000000000001000000000000000000000000000000000000000000000000000000
0000000000000000000000000000000000000000000001110000000000000000000000000000000000000000000000000000
0000000000000000000000000000000000000000000011010000000000000000000000000000000000000000000000000000
0000000000000000000000000000000000000000000110001000000000000000000000000000000000000000000000000000
0000000000000000000000000111111111110000011100001000000000000000000000000000000000000000000000000000
0000000000000000000000001100001000001111110000001000000000000000000000000000000000000000000000000000
0000000000000000000000001000001000000000000000001000000000000000000000000000000000000000000000000000
0000000000000000000000010000001000000000000000000100000000000000000000000000000000000000000000000000
0000000000000000000000100000001000000000000000000100000000000000000000000000000000000000000000000000
0000000000000000000001000000001000000000000000000110000000000000000000000000000000000000000000000000
0000000000000000000001000000001000000000000000000011000000000000000000000000000000000000000000000000
0000000000000000000001000000000100000000000000000000110000000000000000000000000000000000000000000000
0000000000000000000000000000000000000000000000000000001100000000000000000000000000000000000000000000
0000000000000000000000000000000000000000000000000000000011100000000000000110000000000000000000000000
0000000000000000000000000000000000000000000000000000000000011100000001111001100000000000000000000000
0000000000000000000000000000000000000000000000000000000000000100000011000000100000000000000000000000
0000000000000000000000000000000000000000000000000000000000000100001100000000010000000000000000000000
0000000000000000000000000000000000000000000000000000000000000010011000000000010000000000000000000000
0000000000000000000000000000000000000000000000000000000000000001110000000000010000000000000000000000
0000000000000000000000000000000000000000000000000000000000000000100000000000001000000000000000000000
0000000000000000000000000000000000000000000000000000000000000000100000000000001000000000000000000000
0000000000000000000000000000000000000000000000000000000000000000010000000000001000000000000000000000
0000000000000000000000000000000000000000000000000000000000000000001000000000001000000000000000000000
0000000000000000000000000000000000000000000000000000000000000000000100000000001000000000000000000000
0000000000000000000000000000000000000000000000000000000000000000000010000000001000000000000000000000
0000000000000000000000000000000000000000000000000000000000000000000010000000000100000000000000000000
0000000000000000000000000000000000000000000000000000000000000000000001111100000010000000000000000000
0000000000000000000000000000000000000000000000000000000000000000000000000000000000000000000000000000
1011111111111111111111111111111111111111111111111111111111111000000111000000000000001111111111111111
2000000000000000000000000000000000000000000000000000000000000000000000000000000000000000000000000002
3000000000000000000000000000000000000000000000000000000000000000000000000000000000000000000000000003
4000000000000000000000000000000000000000000000000000000000000000000000000000000000000000000000000004
5000000000000000000000000000000000000000000000000000000000000000000000000000000000000000000000000005
6000000000000000000000000000000000000000000000000000000000000000000000000000000000000000000000000006
7000000000000000000000000000000000000000000000000000000000000000000000000000000000000000000000000007
8000000000000000000000000000000000000000000000000000000000000000000000000000000000000000000000000008
9000000000000000000000000000000000000000000000000000000000000000000000000000000000000000000000000009
0000000000000000000000000000000000000000000000000000000000000000001000000011100000000000000000000000
0000000000000000000000000000000000000000000000000000000000000000001000000010000000000000000000000000
0000000000000000000000000000000000000000000000000000000000000000001000000010000000000000000000000000
0000000000000000000000000000000000000000000000000000000000000000001000000100000000000000000000000000
0000000000000000000000000000000000000000000000000000000000000000010000000000000000000000000000000000
0000000000000000000000000000000000000000000000000000000000000000010000000000000000000000000000000000
0000000000000000000000000000000000000000000000000000000000000000100000000000000000000000000000000000
0000000000000000000000000000000000000000000000000000000000000000100000000000000000000000000000000000
0000000000000000000000000000000000000000000000000000000000000000100000000000000000000000000000000000
0000000000000000000000000000000000000000000000000000000000000001000000000000000000000000000000000000
0000000000000000000000000000000000000000000000000000000000000000000000000000000000000000000000000000
0000000000000000000000000000000000000000000000000000000000000000000000000000000000000000000000000000
0000000000000000000000000000000000000000000000000000000000000000000000000000000000000000000000000000
