0000000000000000000000000000000000000000000000000
0000000000000000000100000000000000000000000000000
0000000000000000011110000000000000000000000000000
0000000000000000011111100000000000000000000000000
0000000000000000111111110000000000000000000000000
0000000000000001111111111000000000000000000000000
0000000000000001111111111000000000000000000000000
0000000000000011100111111110000000000000000000000
0000000000000000000111111110000000000000000000000
0000000000000000000111111110000000000000000000000
0000000000000001100111111110000000000000000000000
0000000000000001111111111110000000000000000000000
0000000000001111111111111110000000000000000000000
0000000000011011111111111111000000000000000000000
0000000000010010001111111111110000000000000000000
0000000000100011000011111111111100000000000000000
0000000000100001000001111111111110011100000000000
0000000000000000000000111111111111111111000000000
0000000000000000000000011111111111101111000000000
0000000000000000000000000111111111100111000000000
0000000000000000000000000000111111100111000000000
0000000000000000000000000000111111100111000000000
0000000000000000000000000000111111100111000000000
0000000000000000000000000000011111110111100000000
0000000000000000000000000000001110011111100000000
0000000000000000000000000000000111001001110000000
0000000000000000000000000000000011001000010000000
0000000000000000000000000000000001001000000000000
0000000000000000000000000000000010001100000000000
0000000000000000000000000000000010001000000000000
0000000000000000000000000000000010011000000000000
0000000000000000000000000000000010000000000000000
0000000000000000000000000000000110000000000000000
0000000000000000000000000000000000000000000000000
0000000000000000000000000000000000000000000000000
