0000000000000000000000000000000000000000000000000
0000000000000000000000000000000000000000000000000
0000000000000000000000000000000000000000000000000
0000000000000000000000000000000000000000000000000
0000000000000000000000000000000000000000000000000
0000000000000000000000000000000000000000000000000
0000000000000000000000000000000000000000000000000
0000000000000000000000000000000000000000000000000
0000000000000000000000000000000000000000000000000
0000000000000000000000000000000000000000000000000
0000000000000000000000000000000000000000000000000
0000000000000000000000000000000000000000000000000
0000000000000000000000000000000000000000000000000
0000000000000000000000011100000000000000000000000
0000000000000000000000011100000000000000000000000
0000000000000000000000011100000000000000000000000
0000000000000000000000011100000000000000000000000
0000000000000000000000011100000011000000000000000
0000000000000000000000011110000111100000000000000
0000000000000011111111011110001111000000000000000
0000000000000011111111011110011110000000000000000
0000000000000011111111011111111100000000000000000
0000000000000000000111011111111000000000000000000
0000000000000000001111011111110000000000000000000
0000000000000000001110011111100000000000000000000
0000000000000000001110011111110000000000000000000
0000000000000000011100011101111000000000000000000
0000000000000000111100011100111000000000000000000
0000000000000000111000011100111100000000000000000
0000000000000001111000011100011111000000000000000
0000000000000011110000011100001111100000000000000
0000000000000011100000011100000111100000000000000
0000000000000001000111111100000011100000000000000
0000000000000000000111111100000000000000000000000
0000000000000000000011111000000000000000000000000
0000000000000000000000000000000000000000000000000
0000000000000000000000000000000000000000000000000
0000000000000000000000000000000000000000000000000
0000000000000000000000000000000000000000000000000
0000000000000000000000000000000000000000000000000
0000000000000000000000000000000000000000000000000
0000000000000000000000000000000000000000000000000
0000000000000000000000000000000000000000000000000
0000000000000000000000000000000000000000000000000
0000000000000000000000000000000000000000000000000
0000000000000000000000000000000000000000000000000
0000000000000000000000000000000000000000000000000
0000000000000000000000000000000000000000000000000
0000000000000000000000000000000000000000000000000
