0000000000000000000000000000000000000000000000000000000000000000000000000000000000000000000000000000000000000000000000000000000000000000000000000000000000000000000000000000000000000000000000000000000000000000000000000000000000000000000000000000000000
0000000000000000000000000000000000000000000000000000000000000000000000000000000000000000000000000000000000000000000000000000000000000000000000000000000000000000000000000000000000000000000000000000000000000000000000000000000000000000000000000000000000
0000000000000000000000000000000000000000000000000000000000000000000000000000000000000000000000000000000000000000000000000000000000000000000000000000000000000000000000000000000000000000000000000000000000000000000000000000000000000000000000000000000000
0000000000000000000000000000000000000000000000000000000000000000000000000000000000000000000000000000000000000000000000000000000000000000000000000000000000000000000000000000000000000000000000000000000000000000000000000000000000000000000000000000000000
0000000000000000000000000000000000000000000000000000000000000000000000000000000000000000000000000000000000000000000000000000000000000000000000000000000000000000000000000000000000000000000000000000000000000000000000000000000000000000000000000000000000
0000000000000000000000000000000000000000000000000000000000000000000000000000000000000000000000000000000000000000000000000000000000000000000000000000000000000000000000000000000000000000000000000000000000000000000000000000000000000000000000000000000000
0000000000000000000000000000000000000000000000000000000000000000000000000000000000000000000000000000000000000000000000000000000000000000000000000000000000000000000000000000000000000000000000000000000000000000000000000000000000000000000000000000000000
0000000000000000000000000000000000000000000000000000000000000000000000000000000000000000000000000000000000000000000000000000000000000000000000000000000000000000000000000000000000000000000000000000000000000000000000000000000000000000000000000000000000
0000000000000000000000000000000000000000000000000000000000000000000000000000000000000000000000000000000000000000000000000000000000000000000000000000000000000000000000000000000000000000000000000000000000000000000000000000000000000000000000000000000000
0000000000000010110000000000000000000000000000000000000000000000000000000000000000000000000000000000000000000000000000000000000000000000000000000000000000000011111111100000000000000000000000000000000000000000000000000000000000000000000000000000000000
0000000000000010110000000000000000000000000000000000000000000000000000000000000000000000000000000000000000000000000000000000000000000000000000000000000000001111111111100000000000000000000000000000000000000000000000000000000000000000000000000000000000
0000000000000011111000000000000000000000000000000000000000000000000000000000000000000000000000000000000000000000000000000000000000000000000000000000000000011111111111100000000000000000000000000000000000000000000000000000000000000000000000000000000000
0000000000000011111110000000000000000000000000000000000000000000000000000000000000000000000000000000000000000000000000000000000000000000000000000000000000111111111111000000000000000000000000000000000000000000000000000000000000000000000000000000000000
0000000000000011111111110000000000000000000000000000000000000000000000000000000000000000000000000000000000000000000000000000000000000000000000100000000001111111111110000000000000000000000000000000000000000000000000000000000000000000000000000000000000
0000000000000111111111111100000000000000000000000000000000000000000000000000000000000000000000000000000000000000000000000000000000000000000011111000000001111111111110000000000000000000000000000000000000000000000000000000000000000000000000000000000000
0000000000000111111111111111000000000000000000000000000000000000000000000000000000000000000000000000000000000000000000000000000000000000011111111000000011111111111000000000000000000000000000000000000000000000000000000000000000000000000000000000000000
0000000000000111111111111111110000000000000000000000000000000000000000000000000000000000000000000000000000000000000000000000000000000000001111111100000011111111111000000000000000000000000000000000000000000000000000000000000000000000000000000000000000
0000000000000111111111111111111100000000000000000000000000000000000000000000000000000000000000000000000000000000000000000000000000000000001111111100000011111111100000000000000000000000000000000000000000000000000000000100000000000000000000000000000000
0000000000001111111111111111111110000000000000000000000000000000000000000000000000000000000000000000000000000000000000000000000000000000000111111100000111111111100000000000000000000000000000000000000000000000000000011000111110000000000000000000000000
0000000000001111111111111111111111100000000000000000000000000000000000000000000000000000000000000000000000000000000000000000000000000000000001111110000111111111000000000000000000000000000000000000000000000000111100111111111000000000000000000000000000
0000000000011111111111111111111111110000000000000000000000000000000000000000000000000000000000000000000000000000000000000000000000000000000000111111101111111111000000000000000000000000000000000000000000000001111111111111111111100000000000000000000000
0000000000111111111111111111111111111000000000000000000000000000000000000000000000000000000000000000000000000000000000000000000000000000000000001111111111111110000000000000000000000000000000000000000000001111111111111111111111110000000000000000000000
0000000000111111111111111111111111111110000000000000000000000000000000000000000000000000000000000000000000000000000000000000000000000000000000000111111111111110000000000000000000000000000000000000000001111111111111111111111111111000000000000000000000
0000000001111111111111111111111111111111000000000000000000000000000000000000000000000000000000000000000000000000000000000000000000000000000000000011111111111111000000000000000000000000000000000000000001111111111111111111111111111000000000000000000000
0000000001111111111111111111111111111111111000000000000000000000000000000000000000000000000000000000000000000000000000000000000000000000000000000111111111111111100000000000000000000000000000000000000011111111111111111111111111111000000000000000000000
0000000011111111111111111111111111111111111111000000000000000000000000000000000000000000000000000000000000000000000000000000000000000000000000001111111111111111110000000000000000000000000000000000000011111111111111111111111111111000000000000000000000
0000000011111111111000011111111111111111111111110000000000000000000000000000000000000000000000000000000000000000000000000000000000000000000000011111111111111111111000000000000000000000000000000000000011111111111111111111111111111100000000000000000000
0000000011111111100000001111111111111111111111111100000000000000011111111100000000000000000000000000000000000010000000000000000000000000000000111111111111111111111100000000000000000000000000000100000001111111111111111111111111111110000000000000000000
0000000011111111000000001111111111111111111111111111000000001111111111111111100000000000000000000000000000000011000000000000000000000000000000111111111111111111111110000000000000000000000000000100000001111111111111111111111111111110000000000000000000
0000000011111100000000000111111111111111111111111111111111111111111111111111111100000000000000000000000000000111000000000000000000000000000001111111111111111111111111000000000000000000000000000110000001111111111111111111111111111111000000000000000000
0000000011111000000000000011111111111111111111111111111111111111111111111111111111000000000000000000100000000111100000000000000000000000000001111111111111111111111111100000000000000000000000001110000011111111111111111111111111111111000000000000000000
0000000011110000000000000011111111111111111111111111111111111111111111111111111111100000000000000000110000000111100000000000000000000000000011111111111110011111111111100000000000000000000000011110000011111111111111111111111111111111100000000000000000
0000000000000000000000000001111111111111111111111111111111111111111111111111111111110000000000000000111000000111100000000000000000000000000011111111111100000111111111110000000000000000000000011110000111111111111111111111111111111111100000000000000000
0000000000000000000000000001111111111111111111111111111111111111111111111111111111111000000000000000111000000111110000000000000000000000000011111111111000000011110111000000000000000000000000011100000111111111111111111111111111111111100000000000000000
0000000000000000000000000000111111111111111111111111111111111111111111111111111111111100000000000000011100001111110000000000000000000000000011111111110000000011110000000000000000000000000000111100000111111111111111111111111111111111100000000000000000
0000000000000000000000000000011111111111111111111111111111111111111111111111111111111100000000000000011110001111110000000000000000000000000011111111100000000001110000000000000000000000000000111000001111111111111111111111111111111111100000000000000000
0000000000000000000000000000011111111111111111111111111111111111111111111111111111111110000000000000011111111111111000000000000000000000000011111111000000000000110000000000000000000000000011100000001111111111111111111111111111111111100000000000000000
0000000000000000000000000000001111111111111111111111111111111111111111111111111111111110000000000000001111111111111000000000000000000000000011111111000000000000000000000000000000000000001110000000001111111111111111111111111111111111100000000000000000
0000000000000000000000000000001111111111111111111111111111111111111111111111111111111111000000000000001111111111111000000000000000000000000011111111000000000000000000000000000000000000011100000000001111111111111111111111111111111111100000000000000000
0000000000000000000000000000001111111111111111111111111111111111111111111111111111111111000000000000011111111111111000000000000000000000000011111110000000000000000000000000000000000000110000000000001111111111111111111111111111111111100000000000000000
0000000000000000000000000000001111111111111111111111111111111111111111111111111111111111000000000000011111111111111000000000000000000000000011111110000000000000000000000000000000000001100000000000001111111111111111111111111111111111100000000000000000
0000000000000000000000000000000111111111111111111111111111111111111111111111111111111111000000000000011111111111111000000000000000000000000011111110000000000000000000000000000000000001000000000000001111111111111111111111111111111111100000000000000000
0000000000000000000000000000000111111111111111111111111111111111111111111111111111111111000000000000011111111111111000000000000000000000000011111100000000000000000000000000000000000010000000000000001111111111111111111111111111111111100000000000000000
0000000000000000000000000000000111111111111111111111111111111111111111111111111111111111100000000000011111111111111000000000000000000000000011111100000000000000000000000000000000000010000000000000001111111111111111111111111111111111100000000000000000
0000000000000000000000000000000111111111111111111111111111111111111111111111111111111111100000000000111111111111111100000000000000000000000011111000000000000000000000000000000000000100000000000000001111111111111111111111111111111111100000000000000000
0000000000000000000000000000000111111111111111111111111111111111111111111111111111111111100000000000111111111111111100000000000000000000000001101000000000000000000000000000000000000100000000000000000111111111111111111111111111111111100000000000000000
0000000000000000000000000000000111111111111111111111111111111111111111111111111111111111100000000001111111111111111110000000000000000000000001000000000000000000000000000000000000000110000000000000000111111111111111111111111111111111100000000000000000
0000000000000000000000000000000011111111111111111111111111111111100011111111111111111111100000000011111111111111111111000000000000000000000000000000000000000000000000000000000000000110000000000111111111111111111111111111111111111111000000000000000000
0000000000000000000000000000000001111111111111111111111111111100000001111111111111111111100000000011111111111111111111100000000000000000000000000000000000000000000000000000000000000111000011111111111111111111111111111111111111111111000000000000000000
0000000000000000000000000000000000111111111111111111111111100000000000111111111111111111100000000011111111111111111111110000000000000000000000000000000000000000000000000000000000000011101111111111111111111111111111111111111111111111000000000000000000
0000000000000000000000000000000000011111111111111111110000000000000000111111111111111111100000000001111111111111111111111100000000000000000000000000000000000000000000000000000000000011111111111111111111111111111111111111111111111111000000000000000000
0000000000000000000000000000000000011111111000000000000000000000000000011111111111111111100000000000000000001111111111111111111000000000000000000000000000000000000000000000000000000000111111111111111111111111111111111111111111111111000000000000000000
0000000000000000000000000000000000011111111000000000000000000000000000011111111111111111100000000000000000001111111111111111111111111111111110000000000000000000000000000000000000000000011111111111111111111111111111111111111111111110000000000000000000
0000000000000000000000000000000000001111111000000000000000000000000000011111111111111111100000000000000000001111111111111111111111111111111111100000000000000000000000000000000000000000011111111111111111111111111111111111111111111110000000000000000000
0000000000000000000000000000000000001111111000000000000000000000000000001111111111111111100000000000000000000111111111111111111111111111111111111000000000000000000000000000000000000000111111111111111111111111111111111111111111111110000000000000000000
0000000000000000000000000000000000001111111000000000000000000000000000001111111111111111100000000000000000000111111111111111111111111111111111111100000000000000000000000000000000000000111111111111111111111111111111111111111111111100000000000000000000
0000000000000000000000000000000000001111111000000000000000000000000000001111111111111111100000000000000000000111111111111111111111111111111111111110000000000000000000000000000000000000111111111111111111111111111111111111111111111000000000000000000000
0000000000000000000000000000000000001111111000000000000000000000000000000111111111111111100000000000000000000111111111111111111111111111111111111110000000000000000000000000000000000001111111111111111111111111111111111111111111111000000000000000000000
0000000000000000000000000000000000001111111000000000000000000000000000000111111111111111100000000000000000000111111111111111111111111111111111111110000000000000000000000000000000000001111111111111111111111111111111111111111111110000000000000000000000
0000000000000000000000000000000000001111111000000000000000000000000000000111111111111111000000000000000000000111111111111111111111111111111111111111000000000000000000000000000000000011111111111111111111111111111111111111111111110000000000000000000000
0000000000000000000000000000000000001111111000000000000000000000000000000111111111111111000000000000000000000111111111111111111111111111111111111111000000000000000000000000000000000111111111111111111111111111111111111111111111110000000000000000000000
0000000000000000000000000000000000001111111000000000000000000000000000000011111111111111000000000000000000000111111111111111111111111111111111111111100000000000000000000000000000011111111111111111111111111111111111111111111111100000000000000000000000
0000000000000000000000000000000000001111111000000000000000000000000000000011111111111111000000000000000000000111111111111111111111111111111111111111110000000000000000000000000111111111111111110011111111111111111111111111111111100000000000000000000000
0000000000000000000000000000000000001111111000000000000000000000000000000011111111111111000000000000000000000111111111111111111111111111111111111111110000000000000000000000001111111111111111100011111111111111111111111111111111100000000000000000000000
0000000000000000000000000000000000001111111000000000000000000000000000000001111111111111000000000000000000000111111111111111111111111111111111111111111100000000000000000000001111111111111111000111111111111111111111111111111111100000000000000000000000
0000000000000000000000000000000000000111111000000000000000000000000000000001111111111111000000000000000000000111111111111111111111111111111111111111111111000000000000000000001111111111111110000111111111111111111111111111111111110000000000000000000000
0000000000000000000000000000000000000111111000000000000000000000000000000001110111111011000000000000000000000111111111111111111111111111111111111111111111111100000000000000011111111111111100000011111111111111111111111111111111110000000000000000000000
0000000000000000000000000000000000000111111000000000000000000000000000000001110111100000000000000000000000000111111111111111111111111111111111111111111111110000000000000000011111111111110000000001111111111111111111111111111111111000000000000000000000
0000000000000000000000000000000000000011111100000000000000000000000000000001110111100000000000000000000000000111111111111111111111111111111100011111111000000000000000000000011111000000000000000001111100111111111111101111111111111000000000000000000000
0000000000000000000000000000000000000011111100000000000000000000000000000001110111100000000000000000000000000111111111111111111111101111111100001111111000000000000000000000011111000000000000000000111110001111111110000111110011111100000000000000000000
0000000000000000000000000000000000000011111100000000000000000000000000000001110111100000000000000000000000000111111111111111111111001111111100001111111000000000000000000000011111000000000000000000011111100111111110000110100011111110000000000000000000
0000000000000000000000000000000000000111111100000000000000000000000000000011110011100000000000000000000000000111110001111111111000001111111100001111111100000000000000000000011111000000000000000000011111111111111110000110000001111110000000000000000000
0000000000000000000000000000000000000111111100000000000000000000000000000011110011100000000000000000000000000111110000011111111000001111111100000111111100000000000000000000011111100000000000000000001111111111111110001100000001111111000000000000000000
0000000000000000000000000000000000000111111100000000000000000000000000000011110011100000000000000000000000000111110000000011111000000111111100000111111110000000000000000000011111110000000000000000000111111111111111000000000000111111100000000000000000
0000000000000000000000000000000000001111111000000000000000000000000000000111110011100000000000000000000000000011110000000001111000000111111110000011111110000000000000000000011111110000000000000000000011111111111111000000000000111111110000000000000000
0000000000000000000000000000000000001111111000000000000000000000000000000111100011100000000000000000000000000011100000000001111000000011111110000001111111000000000000000000011111111000000000000000000001111111111111000000000000011111111110000000000000
0000000000000000000000000000000000011111111000000000000000000000000000001111000111100000000000000000000000000011100000000001111000000001111111000001111111000000000000000000011111111000000000000000000000111111111111100000000000011111111111100000000000
0000000000000000000000000000000000011111111000000000000000000000000000001111000111000000000000000000000000000011100000000001111000000000011111000000111111100000000000000000001111111000000000000000000000000000011111100000000000001111111111110000000000
0000000000000000000000000000000000111111110000000000000000000000000000011111001111000000000000000000000000000011100000000001111000000000001111100000001111100000000000000000000111110000000000000000000000000000011111110000000000000111111111111000000000
0000000000000000000000000000000000111110000000000000000000000000000000111110001111000000000000000000000000000011100000000001111000000000000111100000000111110000000000000000000000000000000000000000000000000000011111110000000000000011111111111000000000
0000000000000000000000000000000000010000000000000000000000000000000000000000011111000000000000000000000000000011100000000001111000000000000111100000000011110000000000000000000000000000000000000000000000000000011111111000000000000001111111110000000000
0000000000000000000000000000000000000000000000000000000000000000000000000000000000000000000000000000000000000011100000000001110000000000000011100000000001111000000000000000000000000000000000000000000000000000001111111111100000000000011111100000000000
0000000000000000000000000000000000000000000000000000000000000000000000000000000000000000000000000000000000000011100000000001110000000000000011000000000000111000000000000000000000000000000000000000000000000000001111111111110000000000000000000000000000
0000000000000000000000000000000000000000000000000000000000000000000000000000000000000000000000000000000000000001100000000001110000000000000111000000000000111000000000000000000000000000000000000000000000000000000111111111111000000000000000000000000000
0000000000000000000000000000000000000000000000000000000000000000000000000000000000000000000000000000000000000001110000000001110000000000000111000000000000011100000000000000000000000000000000000000000000000000000011111111111000000000000000000000000000
0000000000000000000000000000000000000000000000000000000000000000000000000000000000000000000000000000000000000001110000000001110000000000001110000000000000001100000000000000000000000000000000000000000000000000000001111111111000000000000000000000000000
0000000000000000000000000000000000000000000000000000000000000000000000000000000000000000000000000000000000000001110000000001110000000000011110000000000000001100000000000000000000000000000000000000000000000000000000011111110000000000000000000000000000
0000000000000000000000000000000000000000000000000000000000000000000000000000000000000000000000000000000000000001110000000001100000000000111110000000000000001100000000000000000000000000000000000000000000000000000000000000000000000000000000000000000000
0000000000000000000000000000000000000000000000000000000000000000000000000000000000000000000000000000000000000001110000000001100000000000111100000000000000001100000000000000000000000000000000000000000000000000000000000000000000000000000000000000000000
0000000000000000000000000111111000000000000000000000000000000000000000000000000000000000000000000000000000000001100000000001100000000000000000000000000000001100000000000000000000000000000000000000000000000000000000000000000000000000000000000000000000
0000000000000000000000011111111111100000000000000000000000000000000000000000000000000000000000000000000000000001100000000001100000000000000000000000000000001100000000000000000000000000000000000000000000000000000000000000000000000000000000000000000000
0000000000000000000001111111111111111110000000000000000000000000000000000000000000000000000000000000000000000001100000000001100000000000000000000000000000001100000000000000000000000000000000000000000000000000000000000000000000000000000000000000000000
0000000000000000000011111111111111111111110000000000000000000000000000000000000000000000000000000000000000000011100000000011100000000000000000000000000000011100000000000000000000000000000000000000000000000000000000000000000000000000000000000000000000
0000000000000000111111111111111111111111111110000000000000000000000000000000000000000000000000000000000000000111100000000011100000000000000000000000000000111100000000000000000000000000000000000000000000000000000000000000000000000000000000000000000000
0000000000000001111111111111111111111111111111000000000000000000000000000000000000000000000000000000000000000111000000000011100000000000000000000000000000001000000000000000000000000000000000000000000000000000000000000000000000000000000000000000000000
0000000000000011111111111111111111111111111111000000110000000000000000000000000000000000000000000000000000001111000000000011100000000000000000000000000000000000000000000000000000000000000000000000000000000000000000000000000000000000000000000000000000
0000000000000111111111111111111111111111111111000011111000000000000000000000000000000000000000000000000000001111000000000111100000000000000000000000000000000000000000000000000000000000000000000000000000000000000000000000000000000000000000000000000000
0000000000001111111111111111111111111111111111001111111000000000000000000000000000000000000000000000000000000000000000000111100000000000000000000000000000000000000000000000000000000000000000000000000000000000000000000000000000000000000000000000000000
0000000000011111111111111111111111111111111111011111110000000000000000000000000000000000011111110000000000000000000000001111000000000000000000000000000000000000000000000000000000000000000000000000000000000000000000000000000000000000000000000000000000
0000000000111111111111111111111111111111111111111111110000000000000000000000000000000000111111111110000000000000000000000000000000000000000000000000000000000000000000000000000000000000010000000000000000000000000000000000000000000000000000000000000000
0000000000111111111111111111111111111111111111111111110000000000000000000000000000000001111111111111100000000000000000000000000000000000000000000000000000000000000000000000001101111111110000000000000000000000000000000000000000000000000000000000000000
0000000000111111111111111111111111111111111111111111110000000000000000000000000000000011111111111111100000000000000000000000000000000000000000000000000000000000000000000000000111111111110000000000000000000000000000000000000000000000000000000000000000
0000000000011111111111111111111111111111111111111111110000000000000000000000000000000111111111111100000000000000000000000000000000000000000000000000000000000000000000000000000111111111111111111111111111111111111111111111111111111111111000000000000000
0000000000001111111111111111111111111111111110011111110000000000000000000000000000000111111111110000000000000000000000000000000000000000000000000000000000000000000000000000000011111111111111111111111111111111111111111111111111111111111110000000000000
0000000000000111111111111111111111111111111111001111110000000000000000000000000000001111111111110000000000000000000000000000000000000000000000000000000000000000000000000000000011111111111111111111111111111111111111111111111111111111111111000000000000
0000000000000011111111111111111111111111111111100111110000000000000000000000000000011111111111110000000000000000000000000000000000000000000000000000000000000000000000000000000011111111111111111111111111111111111111111111111111111111111111100000000000
0000000000000001111111111111111111111111111111100011110000000000000000000000000000111111111111100000000000000000000000000000000000000000000000000000000000000000000000000000000011111111111111111111111111111111111111111111111111111111111111100000000000
0000000000000000111111111111111111111111111111110000110000000000000000000000000011111111111111100000000000000000000000000000000000000000000000000000000000000000000000000000000111111111111111111111111111111111111111111111111111111111111111110000000000
0000000000000000011111111111111111111111111111110000000000000000000000000000011111111111111111100000000000000000000000000000000000000000000000000000000000000000000000000000001111111111111111111111111111111111111111111111111111111111111111110000000000
0000000000000000001111111111111111111111111111110000000000000000000000000011111111111111111111000000000000000000000000000000000000000000000000000000000000000000000000000000011111111111111111111111111111111111111111111111111111111111111111110000000000
0000000000000000000011111111111111111111111111100000000000000000000000111111111111111111111111000000000000000000000000000000000000000000000000000000000000000000000000000000011111111111111111111111111111111111111111111111111111111111111111111000000000
0000000000000000000000111111000000011111111000000000000000000000001111111111111111111111111111000000000000000000000000000000000000000000000000000000000000000000000000000000011111111111111111111111111111111111111111111111111111111111111111111000000000
0000000000000000000000000000000000000000000000000000000000000001111111111111111111111111111111000000000000000000000000000000000000000000000000000000000000000000000000000000000111011111111111111111111111111111111111111111111111111111111111101000000000
0000000000000000000000000000000000000000000000000000000000000111111111111111111111111111111110000000000000000000000000000000000000000000000000000000000000000000000000000000000000000111111111111111111111111111111111111111111111111111111111101000000000
0000000000000000000000000000000000000000000000000000000000000111111111111111111111111111111110000000000000000000000000000000000000000000000000000000000000000000000000000000000000000111111111111111111111111111111111111111111111111111111111001000000000
0000000000000000000000000000000000000000000000000000000000001111111111111111111111111111111110000000000000000000000000000000000000000000000011111111000000000000000000000000000000000110111111111111111111111111111111111111111111111111111111001000000000
0000000000000000000000000000000000000000000000000000000001111111111111111111111111111111111100000000000000000000000000000000000000000000000011111111110000000000000000000000000000001110011111111111111111111111111111111111111111111111111111001000000000
0000000000000000000000000000000000000000000000000000001111111111111111111111111111111111111100000000000000000000000000000000000000000000000111111111110000000000000000000000000000000000011111111111111111111111111111111111111111111111111111001000000000
0000000000000000000000000000000000000000000000000000111111111111111111111111111111111111111000000000000000000000000000000000000000000000000111111111110000000000000000000000000000000000001111111111111111111111111111111111111111111111111110001000000000
0000000000000000000000000000000000000000000000000000000111111111111111111111111111111111110000000000000000000000000000000000000000000000001111111111100000000000000000000000000000000000001111111111111111111111111111111111111111111111111110001000000000
0000000000000000000000000000000000000000000000000000111111111111111111111111111111111111100000000000000000000000000000000000000000000000011111111111100000000000000000001000000000000000000111111111111111111111111111111111111111111111111110001100000000
0000000000000000000000000000000000000000000000000111111111111111111111111111111111111111000000000000000000000000000000000000010000000001111111111110000000000000000000001110000000000000000011111111111111111111111111111111111111111111111110011100000000
0000000000000000000000111000000000000000000000011111111111100000000000001111111111111100000000000000000000000000000000011111111111111111111111111100000000000000000000001110000000000000000011111111111111111111111111111111111111111111111110011100000000
0000000000000000000001111100000000000000000000000000000000000000000000000011111111111100000000000000000000000000000111111111111111111111111111111000000000000000000000001111000000000000000011111111111111111111111111111111111111111111111110011100000000
0000000000000000000111111100000000000000000000000000000000000000000000000011111111110000000000000000000000000000001111111111111111111111111111111000000000000000000000111111110000000000000001111111111111111111111111111111111111111111111111011000000000
0000000000000000000000111100000000000000000000000000000000000000000000000011011110000000000000000000000000000000011111111111111111111111111111110000000000000000000001111111111000000000000000111111111111111111111111111111111111111111111111001000000000
0000000000000000000000011100000000000000000000000000000000000000000000000011011000000000000000000000000000000000111111111111111111111111111111100000000000000000000011111111111000000000000000011111111111100011111111111111111111111111111111001000000000
0000000000000000000000001100000000000000000000000000000000000000000000000001011000000000000000000000000000000001111111111111111111111111111111000000000000000000011111111111111000000000000000000111111111100000001111111100000111111111111111100000000000
0000000000000000000000001100000000000000000000000000000000000000000000000001001000000000000000000000000000000001111111111111111111111111111111000000000000000000111111111111111100000000000000000111111111100000000000000000000110011111111111100000000000
0000000000000000000000011100000000000000000000000000000000000000000000000000101000000000000000000000000000000001111111111111111111111111111110000000000000000000011111111111111110000000000000000111100111100000000000000000000000011011111111100000000000
0000000000000000000000011100000000000000000000000000000000000000000000000000111100000000000000000000000000000001111111111111111111111111111100000000000000000000111111111111111110000000000000000111100111100000000000000000000000000011111111100000000000
0000000000000000000000011000000000000000000000000000000000000000000000000001111111100000000000000000000000000011111111111111111111111111111000000000000000000000111111111111111111000000000000000111100111100000000000000000000000000111111111100000000000
0000000000000000000000111000000000000000000000000000000000000000000000000001100000000000000000000000000000000011111111111111111000000111110000000000000000000001111111111111111111100000000000000111000011110000000000000000000000000111110111100000000000
0000000000000000000000111000000000000000000000000000000000000000000000000000000000000000000000000000000000000111111111111110000000000011110000000000000000000011111111100011111111110000000000000111000011110000000000000000000000000111100111000000000000
0000000000000000000001110000000000000000000000000000000000000000000000000000000000000000000000000000000000001111111111111100000000000011111000000000000000000011111111000000111111100000000000001111000001110000000000000000000000000111100111000000000000
0000000000000000000001110000000000000000000000000000000000000000000000000000000000000000000000000000000000111111111111111100000000000011111000000000000000000111111111000000000011100000000000001111000001110000000000000000000000000111100111000000000000
0000000000000000000001100000000000000000000000000000000000000000000000000000000000000000000000000000000011111111111111111100000000000001111000000000000000000111111110000000000000000000000000000110000000110000000000000000000000000111000111000000000000
0000000000000000000011100000000000000000000000000000000000000000000000000000000000000000000000000000011111111111111111111000000000000001111000000000000000001111111110000000000000000000000000000110000000111000000000000000000000000111000111000000000000
0000000000000000000011000000000000000000000000000000000000000000000000000000000000000000000000000111111111111110111111110000000000000001111000000000000000001111111100000000000000000000000000001110000000111000000000000000000000000111000111000000000000
0000000000000000000011000000000000000000000000000000000000000000000000000000000000000000111111111111111111110000111111100000000000000000110000000000000000001111111100000000000000000000000000001110000001111000000000000000000000001110000111000000000000
0000000000000000000111000000000000000000000000000000000000000000000000000000000000000011111111111111111111000000011111110000000000000000000000000000000000011111111000000000000000000000000000011110000011111000000000000000000000011110001111000000000000
0000000000000000000111000000000000000000000000000000000000000000000000000000000000000011111111111111111000000000011111110000000000000000000000000000000000011111111000000000000000000000000000111100000011111000000000000000000000111110011111000000000000
0000000000000000000110000000000000000000000000000000000000000000000000000000000000000001111111111111000000000000001111110000000000000000000000000000000000111111110000000000000000000000000000111100000000000000000000000000000001111100001110000000000000
0000000000000000000110000000000000000000000000000000000000000000000000000000000000000000000010000000000000000000000011100000000000000000000000000000000000111111110000000000000000000000000001111100000000000000000000000000000001111100000000000000000000
0000000000000000001110000000010011011000000000000000000000000000000000000000000000000000000000000000000000000000000000000000000000000000000000000000000000111111110000000000000000000000000000000000000000000000000000000000000001111000000000000000000000
0000000000000000001110000011111111111111111100000000000000000001110000000000000000000000000000000000000000000000000000000000000000000000000000000000000001111111110000000000000000000000000000000000000000000000000000000000000000000000000000000000000000
0000000000000000001111000111111111111111111111110000000000001111110000000000000000000000000000000000000000000000000000000000000000000000000000000000000001111111100000000000000000000000000000000000000000000000000000000000000000000000000000000000000000
0000000000000000001111101111111111111111111111111000000000011111111000000000000000000000000000000000000000000000000000000000000000000000000000000000000001111111100000000000000000000000000000000000000000000000000000000000000000000000000000000000000000
0000000000000000001111111111111111111111111111111000000000111111111100000000000000000000000000000000000000000000000000000000000000000000000000000000000001111111100000000000000000000000000000000000000000000000000000000000000000000000000000000000000000
0000000000000000001111111111111111111111111111111100000001111111111100000000000000000000000000000000000000000000000000000000000000000000000000000000000011111111100000000000000000000000000000000000000000000000000000000000000000000000000000000000000000
0000000000000000001111111111111111111111111111111111100001111111111100000000000000000000000000000000000000000000000000000000000000000000000000000000000011111111100000000000000000000000000000000000000000000000000000000000000000000000000000000000000000
0000000000000000001111111111111111111111111111111111110011111111111100000000000000000000000000000000000000000000000000000000000000000000000000000000000011111111100000000000000000000000000000000000000000000000000000111100000000000000000000000000000000
0000000000000000001111111111111111111111111111111111111111111111111110000000000000000000000000000000000000000000000000000000000000000000000000000000000011111111100000000000000000000000000000000000000000000000000001111110000000000000000000000000000000
0000000000000000001111111111111111111111111111111111111111111111111100000000000000000000000000000000000000000000000000000000000000000000000000000000000111111111100000000000000000000000000000000000000000000000000011111111000000000000000000000000000000
0000000000000000000111111111111111111111111111111111111111111111111100000000000000000000000000000000000000000000000000000000000000000000000000000000000111111111100000000000000000000000000000000000000000000000000111111111000000000000000000000000000000
0000000000000000000111111111111111111111111111111111111111111111111000000000000000000000000000000000000110000000000000000000000000000000000000000000000111111111100000000000000000000000000000000000000000000000011111111111000000000000000000000000000000
0000000000000000000111111111111111111111111111111111111111111111111000000000000000000000000000000000011111000000000000000000000000000000000000000000001111111111100000000000000000000000000000000000000000000000111000111111000000000000000000000000000000
0000000000000000000011111111111111111111111111111111111111111111110000000000000000000000000000000000111111100000000000000000000000000000000000000000001111111111100000000000000000000000000000000000000000000000000000011110000000000000000000000000000000
0000000000000000000011111111111111111111111111111111111111111111000000000000000000000000000000000001111111100000000000000000000000000000000000000000001111111111100000000000000000000000000000000000000000000000000000011110000000000000000000000000000000
0000000000000000000011111111111111111111111111111111111111111110000000000000000000000000000000000001111111100000000000000000000000000000000000000000011111111111100000000000000000000000000000000000000000000000000000011110000000000000000000000000000000
0000000000000000000011111111111111111111111111111111111111111000000000000000000000000000000000000011111111110000000000000000000000000000000000000000011111111111100000000000000110000000000000000000000100000000000000111110000000000000000000000000000000
0000000000000000000011111111111111111111111111111111111111111000000000000000000000000000000000000011111111100000000000000000000000000000000000000000111111111111100000000000000111110000000000000000001100000000000000111100000000000000000000000000000000
0000000000000000000011111111111111111111111111111111111111100000000000000000000000000000000000000111111111100000000000000000000000000000000000000001111111111111100000000000000011111000000000000000011000000000000001111100000000000000000000000000000000
0000000000000000000001111111111111111111111111111111111100000000000000000000000000000000000000000111111111100000000000000000000000000000000000000111111111111111100000000000000011111110000000000001110000000000000011111100000000000000000000000000000000
0000000000000000000001111111111111111111111111111111111000000000000000000000000000000000000000000111111110000000000000000000000000000000000000001111111111111111000000000000000001111111000000000111110000000000000011111110000000000000000000000000000000
0000000000000000000000111111111111111111111111111111110000000000000000000000000000000000000000001111111111000000000000000000000000000000000000011111111111111111000000000000000001111111100000001111100000000000000111111111000000000000000000000000000000
0000000000000000000000011111111111111111111110000000000000000000000000000000000000000000000000001111111111000000000000000000000000000000000000111111111111111111000000000000000000111111110000001111100000000000001111111111111110000000000000000000000000
0000000000000000000000000111111111111111110000000000000000000000000000000000000000000000000000001111111111100000000000000000000000000000000000111111111111111111000000000000000000111111111000011111100000000000001111111111111111100000000000000000000000
0000000000000000000000000000010000011111110000000000000000000000000000111000000000000000000000011111111111100000000000000000000000000000000001111111111111111111000000000000000000111111111100011111100000000000001111111111111111111000000000000000000000
0000000000000000000000000000000000001111110000000000000000000000000011111110000000000000000000011111111111100000000000000000000000000000000011111111111111111110000000000000000000011111111100111111000000000000011111111111111111111100000000000000000000
0000000000000000000000000000000000000111111000000000000000000000000111111110000000000000000001111111111111110000000000000000000000000000000011111111111111111110000000000000000000001111111110111111000000000000001111111111111111111111000000000000000000
0000000000000000000000000000000000000011111100000000000000000000000111111111000000011111111111111111111111110000000000000000000000000000000111111111111111111110000000000000000000001111111111111111000000000000001111111111111111111111100000000000000000
0000000000000000000000000000000000000011111110000000000000000000000111111111100111111111111111111111111111110000000000000000000000000000001111111111111111111110000000000000000000000011111111111110000000000000001111111111111111111111110000000000000000
0000000000000000000000000000000000000011111110000000000000000000000111111111111111111111111111111111111111110000000000000000000000000000011111111111111111111100000000000000000000000001111111111110000000000000000111111111111111111111111100000000000000
0000000000000000000000000000000000000011111111000000000000000000000111111111111111111111111111111111111111110000000000000000000000000001111111111111111111111100000000000000000000000001111111111110000000000000000111111111111111111111111110000000000000
0000000000000000000000000000000000000011111111100000000000000000000111111111111111111111111111111111111111110000000000000000000000000111111111111111111111111100000000000000000000000000111111111111000000000000000011111111111111111111111111000000000000
0000000000000000000000000000000000000011110111100000000000000000000111111111111111111111111111111111111111100000000000000000000011111111111111111111111111111000000000000000000000000000111111111111000000000000000001111111111111111111111111100000000000
0000000000000000000000000000000000000011110111100000000000000000000111111111111111111111111111111111111111100000000000000001111111111111111111111111111111111000000000000000000000000001111111111111000000000000000000111111111111111111111111111000000000
0000000000000000000000000000000000000111110011100000000000000000000001111111111111111111111111111111111111100000000000000011111111111111111111111111111111111000000000000000000000000011111111111111100000000000000000001111111111111111111111111000000000
0000000000000000000000000000000000001111110011100000000000000000000000111111111111111111111111111111111111100000000000000111111111111111111111111111111111111000000000000000000000000011111111111111110000000000000000000011111111111111111111111000000000
0000000000000000000000000000000000111111100001100000000000000000000000000011111111111111111111111111111111100000000000001111111111111111111111111111111111111100000000000000000000000111111111111111110000000000000000000000011111111111111111111100000000
0000000000000000000000000000000001111100000001100000000000000000000000000001111111111111111111111111111111100000000000011111111111111111111111111111111111111100000000000000000000000111111111111111111000000000000000000000001000000000110000010000000000
0000000000000000000000000000000111110000000001100000000000000000000000000000111111111111111111111111111111000000000000111111111111111111111111111111111111111110000000000000000000001111111111111111111000000000000000000000001000000000000000000000000000
0000000000000000000000000000001111000000000001110000000000000000000000000000111111111111111111111111111110000000000001111111111111111111111111111111111111111110000000000000000000011111111111111111111000000000000000000000001000000000000000000000000000
0000000000000000000000000000111110000000000001110000000000000000000000000000000111111111111111111111111100000000000001111111111111111111111111111111111111111111000000000000000000111111111111111111111100000000000000000111111000000000000000000000000000
0000000000000000000000000111111000000000000001110000000000000000000000000000000111111111111111111111110000000000000011111111111111111111111111111111111111111111000000000000000000111111111111111111111100000000000000000111111000000000000000000000000000
0000000000000000000000001111110000000000000001110000000000000000000000000000000011111111111111111111100000000000000111111111111111111111111111111111111111111110000000000000000000111111111111111111111110000000000000000011110000000000000000000000000000
0000000000000000000000001111000000000000000000110000000000000000000000000000000001111111111111111111000000000000000111111111111111111111111111111111111111111110000000000000000001111111111111111111111110000000000000000010000000000000000000000000000000
0000000000000000000000001110000000000000000000111000000000000000000000000000000001111111111111111000000000000000000111111111111111111111111111111111111111111110000000000000000000111111111111111111111110000000000000000000000000000000000000000000000000
0000000000000000000000111110000000000000000000111000000000000000000000000000000000111111111111110000000000000000000111111111111111111111111111111111111111111110000000000000000000111111111111111111111110000000000000000000000000000000000000000000000000
0000000000000000000000111100000000000000000000111000000000000000000000000000000000001111111111110000000000000000001111111111111111111111111111111111111111111100000000000000000000111111111111111111111110000000000000000000000000000000000000000000000000
0000000000000000000011111100000000000000000000111000000000000000000000000000000000000111111111110000000000000000001111111111111111111111111111111111111111111100000000000000000000111111111111111111111100000000000000000000000000000000000000000000000000
0000000000000000000111100000000000000000000000111000000000000000000000000000000000000011111101100000000000000000001111111111111111111111111111111111111111111100000000000000000000011111111111111111111100000000000000000000000000000000000000000000000000
0000000000000000000000000000000000000000000000111100000000000000000000000000000000000111000001100000000000000000001111111111111111111111111111111111111111111000000000000000000000001111111111111111111000000000000000000000000000000000000000000000000000
0000000000000000000000000000000000000000000000111100000000000000000000000000000000000110000001100000000000000000001111111111111111111111111111111111111111111000000000000000000000111111111111111111111100000000000000000000000000100000000000110000000000
0000000000000000000000000000000000000000000000111100000000000000000000000000000000000110000000100000000000000000001111111111111111111111111111111111111111111100000000000000000001111111111111111111111110000000000000000000000000110000000001110000000000
0000000000000000000000000000000000000000000111111000000000000000000000000000000000000100000000110000000000000000001111111111111111111111111111111111111111111100000000000000000011111111111111111111111111000000000000000000000000111000000011110000000000
0000000000000000000000000000000000000000001111100000000000000000000000000000000000000100000000110000000000000000001111111111111111111111111111111110001111111100000000000000000001111111110001111111111110000000000000000000000000111100000111110000000000
0000000000000000000000000000000000000000000000000000000000000000000000000000000000000100000000110100000000000000001111111111111111001111111111111000001111111100000000000000000000011111110001111100000000000000000000000000000000111111111111110000000000
0000000000000000000000000000000000000000000000000000000000000000000000000000000000011100000000111100000000000000001011111111111111000111111111100000001111111110000000000000000000011111100001111100000000000000000000000000000000111111111111110000000000
0000000000000000000000000000000000000000000000000000000000000000000000000000000000001111100001001101100000000000001011111111111110000000000000000000001111111110000000000000000000001000000000000000000000000000000000000000000000111111111111110000000000
0000000000000000000000000000000000000000000000000000000000000000000000000000000000000110000000000110000000000000001011111111111100000000000000000000001111111110000000000000000000000000000000000000000000000000000000000000000000111111111111100000000000
0000000000000000000000000000000000000000000000000000000000000000000000000000000000000001100000000000000000000000001011111111111000000000000000000000001111111110000000000000000000000000000000000000000000000000000000000000000000111111111111100000000000
0000000000000000000000000000000000000000000000000000000000000000000000000000000000000000000000000000000000000000001011111111110000000000000000000000001111111111000000000000000000000000000000000000000000000000000000000000000000011111111111100000000000
0000000000000000000000000000000000000000000000000000000000000000000000000000000000000000000000000000000000000000001011111111110000000000000000000000001111111111000000000000000000000000000000000000000000000000000000000000000000011111111111000000000000
0000000000000000000000000000000000000000000000000000000000000000000000000000000000000000000000000000000000000000011111111111100000000000000000000000001111011111000000000000000000000000000000000000000000000000000000000000000000001111111111000000000000
0000000000000000100000000000000000000000000000000000000000000000000000000000000000000000000000000000000000000000111111111111100000000000000000000000001111001111100000000000000000000000000000000000000000000000000000000000000000001111111111000000000000
0000000000000000110000000000000000001111111111111111111000000000000000000000000000000000000000000000000000000000111111111111000000000000000000000000001111001111100000000000000000000000000000000000000000000000000000000000000000111111111110000000000000
0000000000000000111000011111111111111111111111111111111111000000110000000000000000000000000000000000000000000000011111111111000000000000000000000000001111000111100000000000000000000000000000000000000000000001111111111111111111111111111110000000000000
0000000000000000111111111111111111111111111111111111111111110001001000000000000000000000000000000000000000000000011111111110000000000000000000000000001111000011110000000000000000000000000000000000000000011111111111111111111111111111111110000000000000
0000000000000000111111111111111111111111111111111111111111111101001100000000000000000000000000000000000000000000111111111110000000000000000000000000011110000011110000000000000000000000000000000000000001111111111111111111111111111111111110000000000000
0000000000000011111111111111111111111111111111111111111111111111101100000000000000000000000000000000000000000000111111111100000000000000000000000000011110000001111000000000000000000000000000000000000011111111111111111111111111111111111110000000000000
0000000000000111111111111111111111111111111111111111111111111111011000000000000000000000000000000000000000000001111111111100000000000000000000000000011110000001111000000000000000000000000000000000001111111111111111111111111111111111111110000000000000
0000000000001111111111111111111111111111111111111111111111111111110000000000000000000000000000000000000000000001111111111100000000000000000000000000011110000001111000000000000000000000000000000000011111111111111111111111111111111111111110000000000000
0000000000011111111111111111111111111111111111111111111111111111100000000000000000010000000001000000000000000000111111111000000000000000000000000000011110000000111100000000000000000000000000000000111111111111111111111111111111111111111110000000000000
0000000000111111111111111111111111111111111111111111111111111111100000000000000000010000000001000000000000000000011111111000000000000000000000000000011110000000111000000000000000000000000000000001111111111111111111111111111111111111111110000000000000
0000000001111111111111111111111111111111111111111111111111111111110000000000000000001000000001000000000000000000011111110000000000000000000000000000011110000000111000000000000000000000000000000011111111111111111111111111111111111111111110000000000000
0000001111111111111111111111111111111111111111111111111111111111110000000000000000001000000010000000000000000000011111110000000000000000000000000000011110000000111000000000000000000000000000000111111111111111111111111111111111111111111100000000000000
0000001111111111111111111111111111111111111111111111111111111111110000000000000000000110001110000000000000000000011111110000000000000000000000000000001100000000111000000000000000000000000000001111100111111111111111111111111111111111111100000000000000
0000001111111111111111111111111111111111111111111111111111111111110000000000000000000110001110000000000000000000011111110000000000000000000000000000001100000000011000000000000000000000000000111111000011111111111111111111111111111111111100000000000000
0000000111111111111111111111111111111111111111111111111111111111110000000000000000000111111110000000000000000000011101100000000000000000000000000000001100000000011000000000000000000000000111111100000011111111111111111111111111111111111000000000000000
0000000011111111111111111111111111111111111111111111111111111111110000000000010000000111111100000001100000000000011001100000000000000000000000000000001100000000011000000000000011111111111111110000000001111111111111111111111111111111111000000000000000
0000000000111111111111111111111111111111111111111111111111111111100000000000001100000011111100000110000000000000011011100000000000000000000000000000001100000000011000000000000000111111111111000000000001111111111111111111111111111111111000000000000000
0000000000000111111111111111111111111111111111111111111111111111100000000000000011100011111100011000000000000000011001100000000000000000000000000000001100000000011000000000000000000111100000000000000001111111111111111111111111111111110000000000000000
0000000000000000000001111111111111111111111111111111111111111111000000000000000000111011111101100000000000000000111011100000000000000000000000000000001100000000011100000000000000000000000000000000000001111111111110000000000011111111110000000000000000
0000000000000000000000001111111111111000000000000111111111111111000000000000000000001111111110000000000000000000111011100000000000000000000000000000001100000000011100000000000000000000000000000000000011111111111000000000000011111111110000000000000000
0000000000000000000000001111111111111000000000000111111111111111000000000000000000001111111111101010000000000000011011100000000000000000000000000000001100000000011100000000000000000000000000000000000111111111100000000000000001111111110000000000000000
0000000000000000000000001111111111111000000000000011111110111111000000000000001111111111111111011001000000000000111011100000000000000000000000000000001100000000011100000000000000000000000000000000000111111111000000000000000001111111110000000000000000
0000000000000000000000001111111111110000000000000011111110111111100000000000000000000111111110000000000000000000111011100000000000000000000000000000001110000000001100000000000000000000000000000000000111111100000000000000000001111111100000000000000000
0000000000000000000000001111111111110000000000000011111110011111100000000000000000000101111101000000000000000000111011100000000000000000000000000000001100000000001100000000000000000000000000000000000111111000000000000000000000111111100000000000000000
0000000000000000000000001111111111110000000000000001111110011111110000000000000000001001111100100000000000000000110011100000000000000000000000000000001110000000001100000000000000000000000000000000000111111000000000000000000000111111100000000000000000
0000000000000000000000001111100111110000000000000001111110001111100000000000000000011001111100100000000000000000110011000000000000000000000000000000001110000000001110000000000000000000000000000000000011111000000000000000000000111111100000000000000000
0000000000000000000000001111100111110000000000000001111110001111100000000000000000010011111110010000000000000001110111000000000000000000000000000000001110000000001110000000000000000000000000000000000011111100000000000000000000011111100000000000000000
0000000000000000000000000111000111110000000000000001111100000111100000000000000000100011111110001000000000000001110111000000000000000000000000000000001110000000001110000000000000000000000000000000000011111100000000000000000000011111100000000000000000
0000000000000000000000000111000011110000000000000001111000000111100000000000000000100001111110001000000000000001110111000000000000000000000000000000001110000000001110000000000000000000000000000000000011101111100000000000000000011111100000000000000000
0000000000000000000000001111000011110000000000000001110000000111100000000000000001000001111100000100000000000001110111000000000000000000000000000000000111000000001110000000000000000000000000000000000011111111000000000000000000011111110000000000000000
0000000000000000000000001111000011110000000000000011110000000111100000000000000001000000111000000110000000000001110111000000000000000000000000000000000111000000001111000000000000000000000000000000000001111000000000000000000000001111110000000000000000
0000000000000000000000001111000011110000000000000011110000000011100000000000000010000000000000000000000000000001110111100000000000000000000000000000001111100000011111100000000000000000000000000000000001111000000000000000000000001111111100000000000000
0000000000000000000000011111000011110000000000000111100000000011110000000000000000000000000000000000000000000000110011100000000000000000000000000000001111110000000000000000000000000000000000000000000000000000000000000000000000001111111100000000000000
0000000000000000000000011110000011110000000000000111100000000011100000000000000000000000000000000000000000000000111001110000000000000000000000000000000000000000000000000000000000000000000000000000000000000000000000000000000000001111100000000000000000
0000000000000000000000011110000011100000000000001111100000000011100000000000000000000000000000000000000000000001111111111000000000000000000000000000000000000000000000000000000000000000000000000000000000000000000000000000000000000000000000000000000000
0000000000000000000000000000000011000000000000001100000000000011000000000000000000000000000000000000000000000001111011111000000000000000000000000000000000000000000000000000000000000000000000000000000000000000000000000000000000000000000000000000000000
0000000000000000000000000000000000000000000000000000000000000010000000000000000000000000000000000000000000000000000000000000000000000000000000000000000000000000000000000000000000000000000000000000000000000000000000000000000000000000000000000000000000
0000000000000000000000000000000000000000000000000000000000000000000000000000000000000000000000000000000000000000000000000000000000000000000000000000000000000000000000000000000000000000000000000000000000000000000000000000000000000000000000000000000000
0000000000000000000000000000000000000000000000000000000000000000000000000000000000000000000000000000000000000000000000000000000000000000000000000000000000000000000000000000000000000000000000000000000000000000000000000000000000000000000000000000000000
0000000000000000000000000000000000000000000000000000000000000000000000000000000000000000000000000000000000000000000000000000000000000000000000000000000000000000000000000000000000000000000000000000000000000000000000000000000000000000000000000000000000
0000000000000000000000000000000000000000000000000000000000000000000000000000000000000000000000000000000000000000000000000000000000000000000000000000000000000000000000000000000000000000000000000000000000000000000000000000000000000000000000000000000000
0000000000000000000000000000000000000000000000000000000000000000000000000000000000000000000000000000000000000000000000000000000000000000000000000000000000000000000000000000000000000000000000000000000000000000000000000000000000000000000000000000000000
0000000000000000000000000000000000000000000000000000000000000000000000000000000000000000000000000000000000000000000000000000000000000000000000000000000000000000000000000000000000000000000000000000000000000000000000000000000000000000000000000000000000
0000000000000000000000000000000000000000000000000000000000000000000000000000000000000000000000000000000000000000000000000000000000000000000000000000000000000000000000000000000000000000000000000000000000000000000000000000000000000000000000000000000000
