000000000000000000000000000000000000000000000000000000000000000000000000000000000000000000000000000000000000000000000000000000000000000000000000000000000000000000000000000000000000000000000000000000000000000000000000000000000000000000000000000000000000000000000000000000000000000000000000000000000000
000000000000000000000000000000000000000000000000000000000000000000000000000000000000000000000000000000000000000000000000000000000000000000000000000000000000000000000000000000000000000000000000000000000000000000000000000000000000000000000000000000000000000000000000000000000000000000000000000000000000
000000000000000000000000000000000000000000000000000000000000000000000000000000000000000000000000000000000000000000000000000000000000000000000000000000000000000000000000000000000000000000000000000000000000000000000000000000000000000000000000000000000000000000000000000000000000000000000000000000000000
000000000000000000000000000000000000000000000000000000000000000000000000000000000000000000000000000000000000000000000000000000000000000000000000000000000000000000000000000000000000000000000000000000000000000000000000000000000000000000000000000000000000000000000000000000000000000000000000000000000000
000000000000000000000000000000000000000000000000000000000000000000000000000000000000000000000000000000000000000000000000000000000000000000000000000000000000000000000000000000000000000000000000000000000000000000000000000000000000000000000000000000000000000000000000000000000000000000000000000000000000
000000000000000000000000000000000000000000000000000000000000000000000000000000000000000000000000000000000000000000000000000000000000000000000000000000000000000000000000000000000000000000000000000000000000000000000000000000000000000000000000000000000000000000000000000000000000000000000000000000000000
000000000000000000000000000000000000000000000000000000000000000000000000000000000000000000000000000000000000000000000000000000000000000000000000000000000000000000000000000000000000000000000000000000000000000000000000000000000000000000000000000000000000000000000000000000000000000000000000000000000000
000000000000000000000000000000000000000000000000000000000000000000000000000000000000000000000000000000000000000000000000000000000000000000000000000000000000000000000000000000000000000000000000000000000000000000000000000000000000000000000000000000000000000000000000000000000000000000000000000000000000
000000000000000000000000000000000000000000000000000000000000000000000000000000000000000000000000000000000000000000000000000000000000000000000000000000000000000000000000000000000000000000000000000000000000000000000000000000000000000000000000000000000000000000000000000000000000000000000000000000000000
000000000000000000000000000000000000000000000000000000000000000000000000000000000000000000000000000000000000000000000000000000000000000000000000000000000000000000000000000000000000000000000000000000000000000000000000000000000000000000000000000000000000000000000000000000000000000000000000000000000000
000000000000000000001000000000000000000000000000000000000000000000000000000000000000000000000000000000000000000000000000000000000000000000000000000000000000000000000000000000000000000000000000000111110000000000000000000000000000000000000000000000000000000000000000000000000000000000000000000000000000
000000000000000011011000000000000000000000000000000000000000000000000000000000000000000000000000000000000000000000000000000000000000000000000000000000000000000000000000000000000000000000000011111111110000000000000000000000000000000000000000000000000000000000000000000000000000000000000000000000000000
000000000000000011011100000000000000000000000000000000000000000000000000000000000000000000000000000000000000000000000000000000000000000000000000000000000000000000000000000000000000000000011111111111110000000000000000000000000000000000000000000000000000000000000000000000000000000000000000000000000000
000000000000000001111110000000000000000000000000000000000000000000000000000000000000000000000000000000000000000000000000000000000000000000000000000000000000000000000000000000000000000000111111111111110000000000000000000000000000000000000000000000000000000000000000000000000000000000000000000000000000
000000000000000001111111000000000000000000000000000000000000000000000000000000000000000000000000000000000000000000000000000000000000000000000000000000000000000000000000000000000000000001111111111111110000000000000000000000000000000000000000000000000000000000000000000000000000000000000000000000000000
000000000000000001111111111000000000000000000000000000000000000000000000000000000000000000000000000000000000000000000000000000000000000000000000000000000000000000000000000000000000000011111111111111100000000000000000000000000000000000000000000000000000000000000000000000000000000000000000000000000000
000000000000000001111111111111000000000000000000000000000000000000000000000000000000000000000000000000000000000000000000000000000000000000000000000000000000000000000000011110000000000011111111111111000000000000000000000000000000000000000000000000000000000000000000000000000000000000000000000000000000
000000000000000011111111111111110000000000000000000000000000000000000000000000000000000000000000000000000000000000000000000000000000000000000000000000000000000000000111111111000000000111111111111111000000000000000000000000000000000000000000000000000000000000000000000000000000000000000000000000000000
000000000000000011111111111111111100000000000000000000000000000000000000000000000000000000000000000000000000000000000000000000000000000000000000000000000000000000000111111111000000000111111111111100000000000000000000000000000000000000000000000000000000000000000000000000000000000000000000000000000000
000000000000000011111111111111111111000000000000000000000000000000000000000000000000000000000000000000000000000000000000000000000000000000000000000000000000000000000011111111100000001111111111111000000000000000000000000000000000000000000000000000000000000000000000000000000000000000000000000000000000
000000000000000111111111111111111111100000000000000000000000000000000000000000000000000000000000000000000000000000000000000000000000000000000000000000000000000000000111111111100000001111111111111000000000000000000000000000000000000000000000000000000000000000000000000000000000000000000000000000000000
000000000000000111111111111111111111111000000000000000000000000000000000000000000000000000000000000000000000000000000000000000000000000000000000000000000000000000000011111111100000001111111111100000000000000000000000000000000000000000000000000000000000000000011000000000000000000000000000000000000000
000000000000001111111111111111111111111110000000000000000000000000000000000000000000000000000000000000000000000000000000000000000000000000000000000000000000000000000000111111100000011111111111100000000000000000000000000000000000000000000000000000000000000000111001111111000000000000000000000000000000
000000000000001111111111111111111111111111000000000000000000000000000000000000000000000000000000000000000000000000000000000000000000000000000000000000000000000000000000011111110000011111111111000000000000000000000000000000000000000000000000000000000111111001111111111000000000000000000000000000000000
000000000000011111111111111111111111111111100000000000000000000000000000000000000000000000000000000000000000000000000000000000000000000000000000000000000000000000000000000111111100011111111111000000000000000000000000000000000000000000000000000000001111111111111111111111110000000000000000000000000000
000000000000011111111111111111111111111111110000000000000000000000000000000000000000000000000000000000000000000000000000000000000000000000000000000000000000000000000000000011111111111111111110000000000000000000000000000000000000000000000000000000111111111111111111111111111100000000000000000000000000
000000000000111111111111111111111111111111111100000000000000000000000000000000000000000000000000000000000000000000000000000000000000000000000000000000000000000000000000000001111111111111111110000000000000000000000000000000000000000000000000001111111111111111111111111111111100000000000000000000000000
000000000000111111111111111111111111111111111110000000000000000000000000000000000000000000000000000000000000000000000000000000000000000000000000000000000000000000000000000000011111111111111110000000000000000000000000000000000000000000000000011111111111111111111111111111111110000000000000000000000000
000000000001111111111111111111111111111111111111100000000000000000000000000000000000000000000000000000000000000000000000000000000000000000000000000000000000000000000000000000001111111111111111000000000000000000000000000000000000000000000000011111111111111111111111111111111110000000000000000000000000
000000000001111111111111111111111111111111111111111100000000000000000000000000000000000000000000000000000000000000000000000000000000000000000000000000000000000000000000000000111111111111111111100000000000000000000000000000000000000000000000111111111111111111111111111111111100000000000000000000000000
000000000011111111111111111111111111111111111111111111100000000000000000000000000000000000000000000000000000000000000000000000000000000000000000000000000000000000000000000001111111111111111111110000000000000000000000000000000000000000000000111111111111111111111111111111111110000000000000000000000000
000000000011111111111111000111111111111111111111111111111000000000000000000000000000000000000000000000000000000000000000000000000000000000000000000000000000000000000000000011111111111111111111111000000000000000000000000000000000000000000000111111111111111111111111111111111111000000000000000000000000
000000000011111111111100000011111111111111111111111111111110000000000000000000000111100000000000000000000000000000000000000000000000100000000000000000000000000000000000000111111111111111111111111100000000000000000000000000000000000000000000011111111111111111111111111111111111100000000000000000000000
000000000111111111110000000001111111111111111111111111111111000000000000000111111111111111100000000000000000000000000000000000000000110000000000000000000000000000000000001111111111111111111111111110000000000000000000000000000000000010000000011111111111111111111111111111111111100000000000000000000000
000000000111111111000000000001111111111111111111111111111111111100000111111111111111111111111100000000000000000000000000000000000001110000000000000000000000000000000000001111111111111111111111111111000000000000000000000000000000000110000000011111111111111111111111111111111111110000000000000000000000
000000000111111110000000000000111111111111111111111111111111111111111111111111111111111111111111000000000000000000000000100000000001111000000000000000000000000000000000011111111111111111111111111111100000000000000000000000000000000111000000011111111111111111111111111111111111110000000000000000000000
000000000111111100000000000000011111111111111111111111111111111111111111111111111111111111111111110000000000000000000000110000000001111000000000000000000000000000000000011111111111111111111111111111110000000000000000000000000000001111000000111111111111111111111111111111111111111000000000000000000000
000000000011111000000000000000011111111111111111111111111111111111111111111111111111111111111111111000000000000000000000110000000001111100000000000000000000000000000000011111111111111101111111111111111000000000000000000000000000001111000000111111111111111111111111111111111111111000000000000000000000
000000000000000000000000000000001111111111111111111111111111111111111111111111111111111111111111111100000000000000000000111000000001111100000000000000000000000000000000111111111111111000001111111111111000000000000000000000000000011111000001111111111111111111111111111111111111111000000000000000000000
000000000000000000000000000000000111111111111111111111111111111111111111111111111111111111111111111110000000000000000000111100000011111100000000000000000000000000000000111111111111110000000111101111111000000000000000000000000000011111000001111111111111111111111111111111111111111000000000000000000000
000000000000000000000000000000000111111111111111111111111111111111111111111111111111111111111111111111000000000000000000011100000011111110000000000000000000000000000000111111111111100000000111111000000000000000000000000000000000011110000001111111111111111111111111111111111111111100000000000000000000
000000000000000000000000000000000011111111111111111111111111111111111111111111111111111111111111111111100000000000000000011110000011111110000000000000000000000000000000111111111111000000000011111000000000000000000000000000000000011110000011111111111111111111111111111111111111111100000000000000000000
000000000000000000000000000000000011111111111111111111111111111111111111111111111111111111111111111111110000000000000000011111000011111110000000000000000000000000000000111111111110000000000001111000000000000000000000000000000000111100000011111111111111111111111111111111111111111100000000000000000000
000000000000000000000000000000000001111111111111111111111111111111111111111111111111111111111111111111110000000000000000011111111111111110000000000000000000000000000000111111111100000000000001110000000000000000000000000000000011110000000011111111111111111111111111111111111111111000000000000000000000
000000000000000000000000000000000001111111111111111111111111111111111111111111111111111111111111111111110000000000000000001111111111111110000000000000000000000000000000111111111100000000000000000000000000000000000000000000001111000000000011111111111111111111111111111111111111111000000000000000000000
000000000000000000000000000000000000111111111111111111111111111111111111111111111111111111111111111111111000000000000000001111111111111110000000000000000000000000000000111111111000000000000000000000000000000000000000000000011100000000000011111111111111111111111111111111111111111000000000000000000000
000000000000000000000000000000000000111111111111111111111111111111111111111111111111111111111111111111111000000000000000001111111111111111000000000000000000000000000000111111111000000000000000000000000000000000000000000000111000000000000011111111111111111111111111111111111111111100000000000000000000
000000000000000000000000000000000000111111111111111111111111111111111111111111111111111111111111111111111000000000000000011111111111111111000000000000000000000000000000111111110000000000000000000000000000000000000000000001100000000000000011111111111111111111111111111111111111111100000000000000000000
000000000000000000000000000000000000011111111111111111111111111111111111111111111111111111111111111111111100000000000000011111111111111111000000000000000000000000000000111111110000000000000000000000000000000000000000000011000000000000000011111111111111111111111111111111111111111100000000000000000000
000000000000000000000000000000000000011111111111111111111111111111111111111111111111111111111111111111111100000000000000011111111111111111000000000000000000000000000000111111110000000000000000000000000000000000000000000110000000000000000011111111111111111111111111111111111111111100000000000000000000
000000000000000000000000000000000000011111111111111111111111111111111111111111111111111111111111111111111100000000000000011111111111111111000000000000000000000000000000111111110000000000000000000000000000000000000000000100000000000000000011111111111111111111111111111111111111111100000000000000000000
000000000000000000000000000000000000011111111111111111111111111111111111111111111111111111111111111111111100000000000000011111111111111111000000000000000000000000000000111111100000000000000000000000000000000000000000001000000000000000000011111111111111111111111111111111111111111100000000000000000000
000000000000000000000000000000000000011111111111111111111111111111111111111111111111111111111111111111111100000000000000011111111111111111100000000000000000000000000000111111100000000000000000000000000000000000000000001000000000000000000011111111111111111111111111111111111111111100000000000000000000
000000000000000000000000000000000000011111111111111111111111111111111111111111111111111111111111111111111100000000000000011111111111111111100000000000000000000000000000011111100000000000000000000000000000000000000000011000000000000000000011111111111111111111111111111111111111111100000000000000000000
000000000000000000000000000000000000011111111111111111111111111111111111111111111111111111111111111111111100000000000000111111111111111111100000000000000000000000000000011001000000000000000000000000000000000000000000011000000000000000000011111111111111111111111111111111111111111000000000000000000000
000000000000000000000000000000000000011111111111111111111111111111111111111111111111111111111111111111111100000000000001111111111111111111110000000000000000000000000000010000000000000000000000000000000000000000000000011000000000000000000011111111111111111111111111111111111111111000000000000000000000
000000000000000000000000000000000000001111111111111111111111111111111111111111000111111111111111111111111110000000000011111111111111111111111000000000000000000000000000000000000000000000000000000000000000000000000000011000000000000000001111111111111111111111111111111111111111111000000000000000000000
000000000000000000000000000000000000000111111111111111111111111111111111111100000011111111111111111111111110000000000011111111111111111111111000000000000000000000000000000000000000000000000000000000000000000000000000011110000000011111111111111111111111111111111111111111111111111000000000000000000000
000000000000000000000000000000000000000011111111111111111111111111111111110000000001111111111111111111111110000000000011111111111111111111111110000000000000000000000000000000000000000000000000000000000000000000000000001110000111111111111111111111111111111111111111111111111111111000000000000000000000
000000000000000000000000000000000000000001111111111111111111111111111100000000000000111111111111111111111110000000000011111111111111111111111111000000000000000000000000000000000000000000000000000000000000000000000000001111111111111111111111111111111111111111111111111111111111110000000000000000000000
000000000000000000000000000000000000000000111111111111111111111110000000000000000000111111111111111111111110000000000011111111111111111111111111110000000000000000000000000000000000000000000000000000000000000000000000000111111111111111111111111111111111111111111111111111111111110000000000000000000000
000000000000000000000000000000000000000000111111111100000000000000000000000000000000011111111111111111111110000000000000011100000111111111111111111111000000000000000000000000000000000000000000000000000000000000000000000011111111111111111111111111111111111111111111111111111111110000000000000000000000
000000000000000000000000000000000000000000111111111000000000000000000000000000000000011111111111111111111110000000000000000000000011111111111111111111111111111111111110000000000000000000000000000000000000000000000000000001111111111111111111111111111111111111111111111111111111110000000000000000000000
000000000000000000000000000000000000000000011111111000000000000000000000000000000000001111111111111111111110000000000000000000000011111111111111111111111111111111111111110000000000000000000000000000000000000000000000000000111111111111111111111111111111111111111111111111111111110000000000000000000000
000000000000000000000000000000000000000000011111111000000000000000000000000000000000001111111111111111111110000000000000000000000011111111111111111111111111111111111111111110000000000000000000000000000000000000000000000000111111111111111111111111111111111111111111111111111111100000000000000000000000
000000000000000000000000000000000000000000011111111000000000000000000000000000000000001111111111111111111100000000000000000000000011111111111111111111111111111111111111111111000000000000000000000000000000000000000000000001111111111111111111111111111111111111111111111111111111100000000000000000000000
000000000000000000000000000000000000000000011111111000000000000000000000000000000000001111111111111111111100000000000000000000000011111111111111111111111111111111111111111111100000000000000000000000000000000000000000000001111111111111111111111111111111111111111111111111111111000000000000000000000000
000000000000000000000000000000000000000000011111111000000000000000000000000000000000000111111111111111111100000000000000000000000001111111111111111111111111111111111111111111110000000000000000000000000000000000000000000001111111111111111111111111111111111111111111111111111110000000000000000000000000
000000000000000000000000000000000000000000011111111000000000000000000000000000000000000111111111111111111100000000000000000000000001111111111111111111111111111111111111111111110000000000000000000000000000000000000000000011111111111111111111111111111111111111111111111111111110000000000000000000000000
000000000000000000000000000000000000000000011111111000000000000000000000000000000000000111111111111111111100000000000000000000000001111111111111111111111111111111111111111111111000000000000000000000000000000000000000000011111111111111111111111111111111111111111111111111111100000000000000000000000000
000000000000000000000000000000000000000000011111111000000000000000000000000000000000000111111111111111111100000000000000000000000001111111111111111111111111111111111111111111111000000000000000000000000000000000000000000111111111111111111111111111111111111111111111111111111100000000000000000000000000
000000000000000000000000000000000000000000011111111000000000000000000000000000000000000011111111111111111100000000000000000000000001111111111111111111111111111111111111111111111000000000000000000000000000000000000000001111111111111111111111111111111111111111111111111111111000000000000000000000000000
000000000000000000000000000000000000000000011111111000000000000000000000000000000000000011111111111111111100000000000000000000000001111111111111111111111111111111111111111111111100000000000000000000000000000000000000011111111111111111111111111111111111111111111111111111111000000000000000000000000000
000000000000000000000000000000000000000000011111111000000000000000000000000000000000000011111111111111111100000000000000000000000001111111111111111111111111111111111111111111111100000000000000000000000000000000000001111111111111111111111111111111111111111111111111111111111000000000000000000000000000
000000000000000000000000000000000000000000011111111000000000000000000000000000000000000011111111111111111100000000000000000000000001111111111111111111111111111111111111111111111110000000000000000000000000000000011111111111111111111001111111111111111111111111111111111111110000000000000000000000000000
000000000000000000000000000000000000000000011111111000000000000000000000000000000000000001111111111111111100000000000000000000000001111111111111111111111111111111111111111111111111000000000000000000000000000000111111111111111111110001111111111111111111111111111111111111110000000000000000000000000000
000000000000000000000000000000000000000000011111111000000000000000000000000000000000000001111111111111111100000000000000000000000001111111111111111111111111111111111111111111111111100000000000000000000000000001111111111111111111100011111111111111111111111111111111111111110000000000000000000000000000
000000000000000000000000000000000000000000001111111000000000000000000000000000000000000000111111111011111100000000000000000000000001111111111111111111111111111111111111111111111111110000000000000000000000000001111111111111111111000011111111111111111111111111111111111111111000000000000000000000000000
000000000000000000000000000000000000000000001111111000000000000000000000000000000000000000111111111011111100000000000000000000000001111111111111111111111111111111111111111111111111111100000000000000000000000011111111111111111110000011111111111111111111111111111111111111111000000000000000000000000000
000000000000000000000000000000000000000000001111111100000000000000000000000000000000000000111101111011111000000000000000000000000001111111111111111111111111111111111111111111111111111111111100000000000000000011111111111111111100000001111111111111111111111111111111111111111100000000000000000000000000
000000000000000000000000000000000000000000000111111100000000000000000000000000000000000000111101111010000000000000000000000000000001111111111111111111111111111111111111111111111111111111110000000000000000000011111111111111110000000001111111111111111111111111111111111111111100000000000000000000000000
000000000000000000000000000000000000000000000111111100000000000000000000000000000000000000111101111000000000000000000000000000000001111111111111111111111111111111111111101111111111100110000000000000000000000011111100011111000000000000111111011111111111111111111111111111111110000000000000000000000000
000000000000000000000000000000000000000000000111111100000000000000000000000000000000000000111101111100000000000000000000000000000001111111111111111111111111111111111111000011111111100000000000000000000000000011111100000000000000000000011111100111111111111111001111011111111110000000000000000000000000
000000000000000000000000000000000000000000000111111110000000000000000000000000000000000000111101111100000000000000000000000000000001111111111111111111111111101111111111000011111111100000000000000000000000000111111000000000000000000000011111100001111111111000001111110001111111000000000000000000000000
000000000000000000000000000000000000000000000111111110000000000000000000000000000000000000111101111100000000000000000000000000000001111111111111111111111111001111111111000001111111110000000000000000000000000111111000000000000000000000001111111000111111111000001110110001111111100000000000000000000000
000000000000000000000000000000000000000000000111111110000000000000000000000000000000000001111101111100000000000000000000000000000001111110011111111111111000001111111111000001111111110000000000000000000000000111111100000000000000000000001111111111111111111000001110100000111111110000000000000000000000
000000000000000000000000000000000000000000000111111110000000000000000000000000000000000001111001111100000000000000000000000000000001111110000011111111111000001111111111000000111111110000000000000000000000000111111100000000000000000000000111111111111111111100001100000000111111110000000000000000000000
000000000000000000000000000000000000000000001111111110000000000000000000000000000000000001111001111100000000000000000000000000000001111110000000111111111000000111111111000000111111111000000000000000000000000111111110000000000000000000000011111111111111111100001000000000011111111000000000000000000000
000000000000000000000000000000000000000000001111111110000000000000000000000000000000000011111001111100000000000000000000000000000001111100000000000111111000000111111111000000111111111000000000000000000000000111111111000000000000000000000001111111111111111100000000000000011111111100000000000000000000
000000000000000000000000000000000000000000001111111100000000000000000000000000000000000011111001111100000000000000000000000000000001111100000000000111111000000011111111100000011111111100000000000000000000000111111111000000000000000000000000111111111111111110000000000000001111111100000000000000000000
000000000000000000000000000000000000000000011111111100000000000000000000000000000000000111111001111100000000000000000000000000000000111100000000000111111000000001111111100000001111111100000000000000000000000011111111100000000000000000000000011111111111111110000000000000001111111111110000000000000000
000000000000000000000000000000000000000000111111111100000000000000000000000000000000000111110001111000000000000000000000000000000000111100000000000111111000000000111111110000000111111110000000000000000000000011111111100000000000000000000000001111111111111110000000000000000111111111111110000000000000
000000000000000000000000000000000000000000111111111000000000000000000000000000000000001111100001111000000000000000000000000000000000111100000000000111111000000000011111110000000011111110000000000000000000000011111111100000000000000000000000000001111011111111000000000000000111111111111111000000000000
000000000000000000000000000000000000000001111111111000000000000000000000000000000000001111100011111000000000000000000000000000000000111100000000000111110000000000001111111000000001111111000000000000000000000001111111100000000000000000000000000000000001111111000000000000000011111111111111000000000000
000000000000000000000000000000000000000001111111110000000000000000000000000000000000011111100011111000000000000000000000000000000000111100000000000111110000000000000011111000000000111111100000000000000000000000001110000000000000000000000000000000000001111111100000000000000001111111111111100000000000
000000000000000000000000000000000000000011111100000000000000000000000000000000000000111111000111111000000000000000000000000000000000111100000000000111110000000000000011111100000000011111100000000000000000000000000000000000000000000000000000000000000001111111110000000000000000111111111111100000000000
000000000000000000000000000000000000000001111100000000000000000000000000000000000000000000000111111000000000000000000000000000000000111100000000000111110000000000000001111000000000001111110000000000000000000000000000000000000000000000000000000000000001111111110000000000000000011111111111000000000000
000000000000000000000000000000000000000000000000000000000000000000000000000000000000000000000111000000000000000000000000000000000000111100000000000011110000000000000001111000000000000111110000000000000000000000000000000000000000000000000000000000000000111111111111100000000000000111111111000000000000
000000000000000000000000000000000000000000000000000000000000000000000000000000000000000000000000000000000000000000000000000000000000111100000000000011110000000000000000111000000000000011110000000000000000000000000000000000000000000000000000000000000000111111111111110000000000000000110000000000000000
000000000000000000000000000000000000000000000000000000000000000000000000000000000000000000000000000000000000000000000000000000000000011100000000000011100000000000000001110000000000000001111000000000000000000000000000000000000000000000000000000000000000011111111111111000000000000000000000000000000000
000000000000000000000000000000000000000000000000000000000000000000000000000000000000000000000000000000000000000000000000000000000000011100000000000011100000000000000001110000000000000001111000000000000000000000000000000000000000000000000000000000000000011111111111111000000000000000000000000000000000
000000000000000000000000000000000000000000000000000000000000000000000000000000000000000000000000000000000000000000000000000000000000011100000000000011100000000000000001110000000000000000111000000000000000000000000000000000000000000000000000000000000000001111111111111000000000000000000000000000000000
000000000000000000000000000000000000000000000000000000000000000000000000000000000000000000000000000000000000000000000000000000000000011100000000000011100000000000000011110000000000000000011100000000000000000000000000000000000000000000000000000000000000000111111111111000000000000000000000000000000000
000000000000000000000000000000000000000000000000000000000000000000000000000000000000000000000000000000000000000000000000000000000000011100000000000011100000000000000111100000000000000000011100000000000000000000000000000000000000000000000000000000000000000000111111111000000000000000000000000000000000
000000000000000000000000000000000000000000000000000000000000000000000000000000000000000000000000000000000000000000000000000000000000011100000000000011100000000000001111100000000000000000011100000000000000000000000000000000000000000000000000000000000000000000000000000000000000000000000000000000000000
000000000000000000000000000000000000000000000000000000000000000000000000000000000000000000000000000000000000000000000000000000000000011100000000000111100000000000011111100000000000000000011100000000000000000000000000000000000000000000000000000000000000000000000000000000000000000000000000000000000000
000000000000000000000000000000000000000000000000000000000000000000000000000000000000000000000000000000000000000000000000000000000000011100000000000111000000000000001110000000000000000000011100000000000000000000000000000000000000000000000000000000000000000000000000000000000000000000000000000000000000
000000000000000000000000000001111111110000000000000000000000000000000000000000000000000000000000000000000000000000000000000000000000011100000000000111000000000000000000000000000000000000001100000000000000000000000000000000000000000000000000000000000000000000000000000000000000000000000000000000000000
000000000000000000000000000111111111111111000000000000000000000000000000000000000000000000000000000000000000000000000000000000000000011100000000000111000000000000000000000000000000000000001100000000000000000000000000000000000000000000000000000000000000000000000000000000000000000000000000000000000000
000000000000000000000000001111111111111111111100000000000000000000000000000000000000000000000000000000000000000000000000000000000000011100000000000111000000000000000000000000000000000000011100000000000000000000000000000000000000000000000000000000000000000000000000000000000000000000000000000000000000
000000000000000000000000011111111111111111111111110000000000000000000000000000000000000000000000000000000000000000000000000000000000111100000000000111000000000000000000000000000000000000111100000000000000000000000000000000000000000000000000000000000000000000000000000000000000000000000000000000000000
000000000000000000000011111111111111111111111111111100000000000000000000000000000000000000000000000000000000000000000000000000000000111000000000000111000000000000000000000000000000000000111100000000000000000000000000000000000000000000000000000000000000000000000000000000000000000000000000000000000000
000000000000000000011111111111111111111111111111111111000000000000000000000000000000000000000000000000000000000000000000000000000001111000000000000111000000000000000000000000000000000001111100000000000000000000000000000000000000000000000000000000000000000000000000000000000000000000000000000000000000
000000000000000000111111111111111111111111111111111111100000000000000000000000000000000000000000000000000000000000000000000000000001111000000000001111000000000000000000000000000000000000011000000000000000000000000000000000000000000000000000000000000000000000000000000000000000000000000000000000000000
000000000000000001111111111111111111111111111111111111100000000110000000000000000000000000000000000000000000000000000000000000000011111000000000001111000000000000000000000000000000000000000000000000000000000000000000000000000000000000000000000000000000000000000000000000000000000000000000000000000000
000000000000000011111111111111111111111111111111111111100000111111000000000000000000000000000000000000000000000000000000000000000011110000000000001111000000000000000000000000000000000000000000000000000000000000000000000000000000000000000000000000000000000000000000000000000000000000000000000000000000
000000000000000111111111111111111111111111111111111111100001111111000000000000000000000000000000000000000000000000000000000000000001000000000000011111000000000000000000000000000000000000000000000000000000000000000000000000000000000000000000000000000000000000000000000000000000000000000000000000000000
000000000000001111111111111111111111111111111111111111100011111110000000000000000000000000000000000000000000011110000000000000000000000000000000011110000000000000000000000000000000000000000000000000000000000000000000000000000000000000000000000000000000000000000000000000000000000000000000000000000000
000000000000011111111111111111111111111111111111111111101111111110000000000000000000000000000000000000000011111111110000000000000000000000000000011110000000000000000000000000000000000000000000000000000000000000000000000000000000000000000000000000000000000000000000000000000000000000000000000000000000
000000000000111111111111111111111111111111111111111111111111111110000000000000000000000000000000000000000111111111111110000000000000000000000000000000000000000000000000000000000000000000000000000000000000000000000000000001100000000000000000000000000000000000000000000000000000000000000000000000000000
000000000000111111111111111111111111111111111111111111111111111110000000000000000000000000000000000000001111111111111111100000000000000000000000000000000000000000000000000000000000000000000000000000000000000001100111111111100000000000000000000000000000000000000000000000000000000000000000000000000000
000000000000111111111111111111111111111111111111111111111111111110000000000000000000000000000000000000001111111111111111110000000000000000000000000000000000000000000000000000000000000000000000000000000000000001111111111111100000000000000000000000000000000000000000000000000000000000000000000000000000
000000000000011111111111111111111111111111111111111111111111111110000000000000000000000000000000000000011111111111111111000000000000000000000000000000000000000000000000000000000000000000000000000000000000000000111111111111111000000000111111111111111111111111111111111111111111111110000000000000000000
000000000000011111111111111111111111111111111111111111111111111110000000000000000000000000000000000000111111111111110000000000000000000000000000000000000000000000000000000000000000000000000000000000000000000000011111111111111111111111111111111111111111111111111111111111111111111111110000000000000000
000000000000000111111111111111111111111111111111111111100111111110000000000000000000000000000000000000111111111111110000000000000000000000000000000000000000000000000000000000000000000000000000000000000000000000011111111111111111111111111111111111111111111111111111111111111111111111111000000000000000
000000000000000011111111111111111111111111111111111111100011111110000000000000000000000000000000000001111111111111100000000000000000000000000000000000000000000000000000000000000000000000000000000000000000000000011111111111111111111111111111111111111111111111111111111111111111111111111100000000000000
000000000000000001111111111111111111111111111111111111110001111110000000000000000000000000000000000011111111111111100000000000000000000000000000000000000000000000000000000000000000000000000000000000000000000000011111111111111111111111111111111111111111111111111111111111111111111111111110000000000000
000000000000000000111111111111111111111111111111111111110000111110000000000000000000000000000000001111111111111111100000000000000000000000000000000000000000000000000000000000000000000000000000000000000000000000011111111111111111111111111111111111111111111111111111111111111111111111111110000000000000
000000000000000000111111111111111111111111111111111111111000011110000000000000000000000000000000011111111111111111000000000000000000000000000000000000000000000000000000000000000000000000000000000000000000000000111111111111111111111111111111111111111111111111111111111111111111111111111111000000000000
000000000000000000011111111111111111111111111111111111111000000000000000000000000000000000000011111111111111111111000000000000000000000000000000000000000000000000000000000000000000000000000000000000000000000000111111111111111111111111111111111111111111111111111111111111111111111111111111000000000000
000000000000000000000111111111111111111111111111111111111000000000000000000000000000000000001111111111111111111111000000000000000000000000000000000000000000000000000000000000000000000000000000000000000000000001111111111111111111111111111111111111111111111111111111111111111111111111111111000000000000
000000000000000000000011111111111111111111111111111111111100000000000000000000000000000011111111111111111111111110000000000000000000000000000000000000000000000000000000000000000000000000000000000000000000000111111111111111111111111111111111111111111111111111111111111111111111111111111111100000000000
000000000000000000000001111111111111111111111111111111110000000000000000000000000000111111111111111111111111111110000000000000000000000000000000000000000000000000000000000000000000000000000000000000000000000111111111111111111111111111111111111111111111111111111111111111111111111111111111100000000000
000000000000000000000000011111111100000111111111111110000000000000000000000000000111111111111111111111111111111110000000000000000000000000000000000000000000000000000000000000000000000000000000000000000000000111111111111111111111111111111111111111111111111111111111111111111111111111111111100000000000
000000000000000000000000000011111000000000000000000000000000000000000000000001111111111111111111111111111111111110000000000000000000000000000000000000000000000000000000000000000000000000000000000000000000000011111111111111111111111111111111111111111111111111111111111111111111111111111110100000000000
000000000000000000000000000000000000000000000000000000000000000000000000001111111111111111111111111111111111111100000000000000000000000000000000000000000000000000000000000000000000000000000000000000000000000000000000011111111111111111111111111111111111111111111111111111111111111111111110100000000000
000000000000000000000000000000000000000000000000000000000000000000000000011111111111111111111111111111111111111100000000000000000000000000000000000000000000000000000000000000000000000000000000000000000000000000000000001111111111111111111111111111111111111111111111111111111111111111111100100000000000
000000000000000000000000000000000000000000000000000000000000000000000000011111111111111111111111111111111111111100000000000000000000000000000000000000000000000000000000000000000000000000000000000000000000000000000000011111111111111111111111111111111111111111111111111111111111111111111100100000000000
000000000000000000000000000000000000000000000000000000000000000000000000111111111111111111111111111111111111111000000000000000000000000000000000000000000000000000000000011111111100000000000000000000000000000000000000011101111111111111111111111111111111111111111111111111111111111111111100100000000000
000000000000000000000000000000000000000000000000000000000000000000000111111111111111111111111111111111111111111000000000000000000000000000000000000000000000000000000000111111111110000000000000000000000000000000000000111001111111111111111111111111111111111111111111111111111111111111111100100000000000
000000000000000000000000000000000000000000000000000000000000000000111111111111111111111111111111111111111111110000000000000000000000000000000000000000000000000000000001111111111111000000000000000000000000000000000000111000111111111111111111111111111111111111111111111111111111111111111000100000000000
000000000000000000000000000000000000000000000000000000000000000011111111111111111111111111111111111111111111110000000000000000000000000000000000000000000000000000000001111111111111000000000000000000000000000000000000000000011111111111111111111111111111111111111111111111111111111111111000100000000000
000000000000000000000000000000000000000000000000000000000000001111111111111111111111111111111111111111111111100000000000000000000000000000000000000000000000000000000001111111111111000000000000000000000000000000000000000000011111111111111111111111111111111111111111111111111111111111111000100000000000
000000000000000000000000000000000000000000000000000000000000000000111111111111111111111111111111111111111111000000000000000000000000000000000000000000000000000000000011111111111110000000000000000000000000000000000000000000001111111111111111111111111111111111111111111111111111111111111000110000000000
000000000000000000000000000000000000000000000000000000000000001111111111111111111111111111111111111111111110000000000000000000000000000000000000000000000000000000000111111111111100000000000000000000000110000000000000000000001111111111111111111111111111111111111111111111111111111111110000110000000000
000000000000000000000000000000000000000000000000000000000000111111111111111111111111111111111111111111111100000000000000000000000000000000000000000000000000000000011111111111111000000000000000000000000111110000000000000000000111111111111111111111111111111111111111111111111111111111110000110000000000
000000000000000000000000000000000000000000000000000000000011111111111111111110000001111111111111111111110000000000000000000000000000000000000000001111111111111111111111111111110000000000000000000000000011110000000000000000000111111111111111111111111111111111111111111111111111111111110001111000000000
000000000000000000000000001111100000000000000000000000001111111111100000000000000000000011111111111111110000000000000000000000000000000000001111111111111111111111111111111111100000000000000000000000000011110000000000000000000011111111111111111111111111111111111111111111111111111111110001111000000000
000000000000000000000000111111100000000000000000000000000000000000000000000000000000000001111111111111100000000000000000000000000000000000111111111111111111111111111111111111000000000000000000000000000111110000000000000000000011111111111111111111111111111111111111111111111111111111111001110000000000
000000000000000000000011111111110000000000000000000000000000000000000000000000000000000001101111111110000000000000000000000000000000000011111111111111111111111111111111111111000000000000000000000000011111111110000000000000000001111111111111111111111111111111111111111111111111111111111001110000000000
000000000000000000000000001111100000000000000000000000000000000000000000000000000000000001101111100000000000000000000000000000000000000111111111111111111111111111111111111110000000000000000000000000111111111110000000000000000001111111111111111111111111111111111111111111111111111111111101100000000000
000000000000000000000000000011100000000000000000000000000000000000000000000000000000000001101110000000000000000000000000000000000000001111111111111111111111111111111111111100000000000000000000000001111111111110000000000000000000111111111111111000111111111111111111111111111111111111111100100000000000
000000000000000000000000000011100000000000000000000000000000000000000000000000000000000000100100000000000000000000000000000000000000001111111111111111111111111111111111111000000000000000000000001111111111111111000000000000000000000111111111111000000011111111111111000111111111111111111100000000000000
000000000000000000000000000011100000000000000000000000000000000000000000000000000000000000100110000000000000000000000000000000000000011111111111111111111111111111111111110000000000000000000000011111111111111111000000000000000000000011111111111100000000000111100000000011111111111111111110000000000000
000000000000000000000000000011100000000000000000000000000000000000000000000000000000000000110110000000000000000000000000000000000000011111111111111111111111111111111111110000000000000000000000011111111111111111100000000000000000000011111011111100000000000000000000000111001110111111111110000000000000
000000000000000000000000000011100000000000000000000000000000000000000000000000000000000000010110000000000000000000000000000000000000011111111111111111111111111111111111100000000000000000000000011111111111111111110000000000000000000011111011111100000000000000000000000000000110111111111110000000000000
000000000000000000000000000011100000000000000000000000000000000000000000000000000000000000011111000000000000000000000000000000000000011111111111111111111111111111111111000000000000000000000000111111111111111111111000000000000000000111110001111100000000000000000000000000000001111111111110000000000000
000000000000000000000000000111100000000000000000000000000000000000000000000000000000000000111111110100000000000000000000000000000000011111111111111111111111111111111110000000000000000000000000111111111111111111111100000000000000000111110001111100000000000000000000000000000001111111111100000000000000
000000000000000000000000000111000000000000000000000000000000000000000000000000000000000001111111111000000000000000000000000000000000111111111111111111111111000111111100000000000000000000000001111111111111111111111100000000000000000111110000111100000000000000000000000000000001111110111100000000000000
000000000000000000000000000111000000000000000000000000000000000000000000000000000000000000000000000000000000000000000000000000000001111111111111111111000000000011111100000000000000000000000011111111111011111111111110000000000000000111110000111100000000000000000000000000000001111100111100000000000000
000000000000000000000000001110000000000000000000000000000000000000000000000000000000000000000000000000000000000000000000000000000001111111111111111000000000000011111100000000000000000000000011111111110000111111111110000000000000000111100000111100000000000000000000000000000001111100111100000000000000
000000000000000000000000001110000000000000000000000000000000000000000000000000000000000000000000000000000000000000000000000000000111111111111111110000000000000001111110000000000000000000000111111111100000000111111110000000000000000111100000011110000000000000000000000000000001111000111100000000000000
000000000000000000000000011100000000000000000000000000000000000000000000000000000000000000000000000000000000000000000000000000001111111111111111110000000000000001111100000000000000000000000111111111100000000000011110000000000000000111100000011110000000000000000000000000000001111000111100000000000000
000000000000000000000000011100000000000000000000000000000000000000000000000000000000000000000000000000000000000000000000000000111111111111111111110000000000000001111100000000000000000000001111111111000000000000000000000000000000000111000000001110000000000000000000000000000001111000011100000000000000
000000000000000000000000011100000000000000000000000000000000000000000000000000000000000000000000000000000000000000000000000111111111111111111111110000000000000000111110000000000000000000001111111111000000000000000000000000000000000111000000001111000000000000000000000000000001110000011100000000000000
000000000000000000000000111000000000000000000000000000000000000000000000000000000000000000000000000000000000000000000000111111111111111111111111100000000000000000111110000000000000000000011111111110000000000000000000000000000000000111000000001111000000000000000000000000000011110000111000000000000000
000000000000000000000000111000000000000000000000000000000000000000000000000000000000000000000000000000000000000000011111111111111111000111111111000000000000000000011110000000000000000000011111111110000000000000000000000000000000000111000000001111000000000000000000000000000011110000111000000000000000
000000000000000000000001111000000000000000000000000000000000000000000000000000000000000000000000000000001111111111111111111111111100000111111100000000000000000000011100000000000000000000011111111100000000000000000000000000000000001111000000011111000000000000000000000000000011110001111100000000000000
000000000000000000000001110000000000000000000000000000000000000000000000000000000000000000000000000000011111111111111111111111100000000111111111000000000000000000000000000000000000000000111111111100000000000000000000000000000000011111000000111111000000000000000000000000000111100001111100000000000000
000000000000000000000001110000000000000000000000000000000000000000000000000000000000000000000000000000001111111111111111111110000000000011111111100000000000000000000000000000000000000000111111111000000000000000000000000000000000111110000000111111000000000000000000000000001111100011111100000000000000
000000000000000000000001110000000000000000000000000000000000000000000000000000000000000000000000000000001111111111111111110000000000000011111111000000000000000000000000000000000000000000111111111000000000000000000000000000000000111110000000111110000000000000000000000000011111000011111000000000000000
000000000000000000000011110000000000000000000000000000000000000000000000000000000000000000000000000000000011111111111100000000000000000000111111000000000000000000000000000000000000000001111111111000000000000000000000000000000001111110000000000000000000000000000000000000111111000000000000000000000000
000000000000000000000011100000000000000000000000000000000000000000000000000000000000000000000000000000000000000000000000000000000000000000000000000000000000000000000000000000000000000001111111110000000000000000000000000000000001111100000000000000000000000000000000000000111111000000000000000000000000
000000000000000000000011100000000011001100111000000000000000000000000000000000000000000000000000000000000000000000000000000000000000000000000000000000000000000000000000000000000000000011111111110000000000000000000000000000000000000000000000000000000000000000000000000000111110000000000000000000000000
000000000000000000000011110000011111111111111111111100000000000000000000000011100000000000000000000000000000000000000000000000000000000000000000000000000000000000000000000000000000000011111111110000000000000000000000000000000000000000000000000000000000000000000000000000000000000000000000000000000000
000000000000000000000011110000111111111111111111111111100000000000000000011111100000000000000000000000000000000000000000000000000000000000000000000000000000000000000000000000000000000011111111110000000000000000000000000000000000000000000000000000000000000000000000000000000000000000000000000000000000
000000000000000000000111111001111111111111111111111111111100000000000001111111110000000000000000000000000000000000000000000000000000000000000000000000000000000000000000000000000000000011111111110000000000000000000000000000000000000000000000000000000000000000000000000000000000000000000000000000000000
000000000000000000000111111111111111111111111111111111111110000000000011111111111000000000000000000000000000000000000000000000000000000000000000000000000000000000000000000000000000000111111111100000000000000000000000000000000000000000000000000000000000000000000000000000000000000000000000000000000000
000000000000000000000111111111111111111111111111111111111110000000000111111111111000000000000000000000000000000000000000000000000000000000000000000000000000000000000000000000000000000111111111100000000000000000000000000000000000000000000000000000000000000000000000000000000000000000000000000000000000
000000000000000000000111111111111111111111111111111111111111100000000111111111111100000000000000000000000000000000000000000000000000000000000000000000000000000000000000000000000000000111111111100000000000000000000000000000000000000000000000000000000000000000000000000000000000000000000000000000000000
000000000000000000000111111111111111111111111111111111111111111000001111111111111100000000000000000000000000000000000000000000000000000000000000000000000000000000000000000000000000000111111111100000000000000000000000000000000000000000000000000000000000000000000000000000000000000000000000000000000000
000000000000000000000111111111111111111111111111111111111111111110001111111111111100000000000000000000000000000000000000000000000000000000000000000000000000000000000000000000000000001111111111100000000000000000000000000000000000000000000000000000000000000001111000000000000000000000000000000000000000
000000000000000000000011111111111111111111111111111111111111111111111111111111111110000000000000000000000000000000000000000000000000000000000000000000000000000000000000000000000000001111111111100000000000000000000000000000000000000000000000000000000000000011111110000000000000000000000000000000000000
000000000000000000000011111111111111111111111111111111111111111111111111111111111110000000000000000000000000000000000000000000000000000000000000000000000000000000000000000000000000001111111111100000000000000000000000000000000000000000000000000000000000000111111110000000000000000000000000000000000000
000000000000000000000011111111111111111111111111111111111111111111111111111111111100000000000000000000000000000000000000000000000000000000000000000000000000000000000000000000000000001111111111100000000000000000000000000000000000000000000000000000000000001111111111000000000000000000000000000000000000
000000000000000000000011111111111111111111111111111111111111111111111111111111111100000000000000000000000000000000000000000000000000000000000000000000000000000000000000000000000000011111111111100000000000000000000000000000000000000000000000000000000000011111111111000000000000000000000000000000000000
000000000000000000000001111111111111111111111111111111111111111111111111111111111000000000000000000000000000000000000000000011000000000000000000000000000000000000000000000000000000011111111111100000000000000000000000000000000000000000000000000000000001111111111111000000000000000000000000000000000000
000000000000000000000001111111111111111111111111111111111111111111111111111111110000000000000000000000000000000000000000001111100000000000000000000000000000000000000000000000000000011111111111100000000000000000000000000000000000000000000000000000000111111111111111000000000000000000000000000000000000
000000000000000000000000111111111111111111111111111111111111111111111111111111110000000000000000000000000000000000000000011111110000000000000000000000000000000000000000000000000000111111111111100000000000000000000000000000000000000000000000000000000000000000111110000000000000000000000000000000000000
000000000000000000000000111111111111111111111111111111111111111111111111111111000000000000000000000000000000000000000000111111111000000000000000000000000000000000000000000000000000111111111111100000000000000000000000000000000000000000000000000000000000000000111110000000000000000000000000000000000000
000000000000000000000000111111111111111111111111111111111111111111111111111110000000000000000000000000000000000000000001111111111000000000000000000000000000000000000000000000000000111111111111100000000000000000000000000000000000000000000000000000000000000000111110000000000000000000000000000000000000
000000000000000000000000111111111111111111111111111111111111111111111111111100000000000000000000000000000000000000000011111111111000000000000000000000000000000000000000000000000001111111111111100000000000000000000000000000000000000000000000000000000000000000111110000000000000000000000000000000000000
000000000000000000000000111111111111111111111111111111111111111111111111100000000000000000000000000000000000000000000011111111111100000000000000000000000000000000000000000000000001111111111111100000000000000000110000000000000000000000000001100000000000000001111100000000000000000000000000000000000000
000000000000000000000000111111111111111111111111111111111111111111111111100000000000000000000000000000000000000000000111111111111100000000000000000000000000000000000000000000000011111111111111100000000000000000111110000000000000000000000011000000000000000001111100000000000000000000000000000000000000
000000000000000000000000111111111111111111111111111111111111111111111110000000000000000000000000000000000000000000000111111111110000000000000000000000000000000000000000000000001111111111111111100000000000000000011111100000000000000000000110000000000000000011111100000000000000000000000000000000000000
000000000000000000000000011111111111111111111111111111111111111111111100000000000000000000000000000000000000000000000111111111110000000000000000000000000000000000000000000000011111111111111111100000000000000000011111110000000000000000011100000000000000000111111100000000000000000000000000000000000000
000000000000000000000000011111111111111111111111111111111111111111100000000000000000000000000000000000000000000000001111111111110000000000000000000000000000000000000000000000111111111111111111100000000000000000001111111100000000000001111100000000000000000111111100000000000000000000000000000000000000
000000000000000000000000011111111111111111111111111111111111111111000000000000000000000000000000000000000000000000001111111111000000000000000000000000000000000000000000000001111111111111111111000000000000000000001111111110000000000011111000000000000000001111111100000000000000000000000000000000000000
000000000000000000000000001111111111111111111111111111111111111110000000000000000000000000000000000000000000000000001111111111100000000000000000000000000000000000000000000011111111111111111111000000000000000000000111111111000000000111111000000000000000011111111111000000000000000000000000000000000000
000000000000000000000000000111111111111111111111111111110000000000000000000000000000000000000000000000000000000000011111111111100000000000000000000000000000000000000000000111111111111111111111000000000000000000000111111111100000001111111000000000000000111111111111111100000000000000000000000000000000
000000000000000000000000000001111111111111111111111000000000000000000000000000000000000000000000000000000000000000011111111111110000000000000000000000000000000000000000001111111111111111111111000000000000000000000111111111110000001111110000000000000000111111111111111111110000000000000000000000000000
000000000000000000000000000000001111110001111111110000000000000000000000000000000000000000000000000000000000000000011111111111111000000000000000000000000000000000000000001111111111111111111111000000000000000000000011111111111000011111110000000000000000111111111111111111111100000000000000000000000000
000000000000000000000000000000000000000000111111110000000000000000000000000000000000111100000000000000000000000000111111111111111000000000000000000000000000000000000000011111111111111111111110000000000000000000000011111111111000011111110000000000000001111111111111111111111110000000000000000000000000
000000000000000000000000000000000000000000001111111000000000000000000000000000000111111111000000000000000000000000111111111111111000000000000000000000000000000000000000111111111111111111111110000000000000000000000001111111111100111111100000000000000001111111111111111111111111000000000000000000000000
000000000000000000000000000000000000000000000111111000000000000000000000000000000111111111000000000000000000000011111111111111111000000000000000000000000000000000000000111111111111111111111110000000000000000000000001111111111100111111100000000000000001111111111111111111111111110000000000000000000000
000000000000000000000000000000000000000000000111111100000000000000000000000000000111111111100000000000000001111111111111111111111000000000000000000000000000000000000001111111111111111111111110000000000000000000000000111111111111111111100000000000000000111111111111111111111111111000000000000000000000
000000000000000000000000000000000000000000000111111110000000000000000000000000000111111111110000111111111111111111111111111111111000000000000000000000000000000000000011111111111111111111111100000000000000000000000000011111111111111111000000000000000000111111111111111111111111111110000000000000000000
000000000000000000000000000000000000000000000011111111000000000000000000000000001111111111111111111111111111111111111111111111111000000000000000000000000000000000000111111111111111111111111100000000000000000000000000000111111111111111000000000000000000011111111111111111111111111111000000000000000000
000000000000000000000000000000000000000000000011111111100000000000000000000000001111111111111111111111111111111111111111111111111000000000000000000000000000000000001111111111111111111111111100000000000000000000000000000011111111111111000000000000000000011111111111111111111111111111100000000000000000
000000000000000000000000000000000000000000000011111111110000000000000000000000001111111111111111111111111111111111111111111111111000000000000000000000000000000000111111111111111111111111111000000000000000000000000000000011111111111111000000000000000000001111111111111111111111111111110000000000000000
000000000000000000000000000000000000000000000011111111110000000000000000000000001111111111111111111111111111111111111111111111111000000000000000000000000000000111111111111111111111111111111000000000000000000000000000000011111111111111100000000000000000000111111111111111111111111111111000000000000000
000000000000000000000000000000000000000000000011110111110000000000000000000000001111111111111111111111111111111111111111111111111000000000000000000000000000111111111111111111111111111111111000000000000000000000000000000001111111111111100000000000000000000011111111111111111111111111111110000000000000
000000000000000000000000000000000000000000000011110111110000000000000000000000001111111111111111111111111111111111111111111111111000000000000000000000011111111111111111111111111111111111110000000000000000000000000000000011111111111111110000000000000000000001111111111111111111111111111111000000000000
000000000000000000000000000000000000000000000111110011110000000000000000000000000011111111111111111111111111111111111111111111111000000000000000000111111111111111111111111111111111111111110000000000000000000000000000000111111111111111110000000000000000000000111111111111111111111111111111100000000000
000000000000000000000000000000000000000000001111110001110000000000000000000000000011111111111111111111111111111111111111111111111000000000000000011111111111111111111111111111111111111111110000000000000000000000000000001111111111111111110000000000000000000000001111111111111111111111111111100000000000
000000000000000000000000000000000000000000011111110001110000000000000000000000000000011111111111111111111111111111111111111111111000000000000000011111111111111111111111111111111111111111110000000000000000000000000000001111111111111111111000000000000000000000000011111111111111111111111111110000000000
000000000000000000000000000000000000000001111111100001110000000000000000000000000000000011111111111111111111111111111111111111110000000000000000111111111111111111111111111111111111111111111000000000000000000000000000011111111111111111111100000000000000000000000000111111111111111111111111110000000000
000000000000000000000000000000000000000011111100000000110000000000000000000000000000000000111111111111111111111111111111111111110000000000000001111111111111111111111111111111111111111111111100000000000000000000000000011111111111111111111100000000000000000000000000001100000000111110000111100000000000
000000000000000000000000000000000000001111110000000000111000000000000000000000000000000000111111111111111111111111111111111111110000000000000011111111111111111111111111111111111111111111111100000000000000000000000000111111111111111111111110000000000000000000000000001100000000000000000000000000000000
000000000000000000000000000000000000011111000000000000111000000000000000000000000000000000011111111111111111111111111111111111100000000000000111111111111111111111111111111111111111111111111110000000000000000000000000111111111111111111111110000000000000000000000000001100000000000000000000000000000000
000000000000000000000000000000000001111110000000000000111000000000000000000000000000000000001111111111111111111111111111111111000000000000000111111111111111111111111111111111111111111111111110000000000000000000000001111111111111111111111110000000000000000000000000001100000000000000000000000000000000
000000000000000000000000000000000111111000000000000000111000000000000000000000000000000000000011111111111111111111111111111110000000000000001111111111111111111111111111111111111111111111111111000000000000000000000011111111111111111111111111000000000000000000000111111100000000000000000000000000000000
000000000000000000000000000000011111110000000000000000111100000000000000000000000000000000000001111111111111111111111111111000000000000000011111111111111111111111111111111111111111111111111111000000000000000000000111111111111111111111111111100000000000000000000111111100000000000000000000000000000000
000000000000000000000000000001111111000000000000000000111100000000000000000000000000000000000000111111111111111111111111110000000000000000011111111111111111111111111111111111111111111111111110000000000000000000000111111111111111111111111111100000000000000000000111111000000000000000000000000000000000
000000000000000000000000000001111110000000000000000000011100000000000000000000000000000000000000011111111111111111111111000000000000000000111111111111111111111111111111111111111111111111111110000000000000000000000111111111111111111111111111100000000000000000000111100000000000000000000000000000000000
000000000000000000000000000001111100000000000000000000011100000000000000000000000000000000000000011111111111111111111100000000000000000000111111111111111111111111111111111111111111111111111110000000000000000000000111111111111111111111111111100000000000000000000000000000000000000000000000000000000000
000000000000000000000000000011110000000000000000000000011100000000000000000000000000000000000000001111111111111111110000000000000000000000111111111111111111111111111111111111111111111111111110000000000000000000000111111111111111111111111111100000000000000000000000000000000000000000000000000000000000
000000000000000000000000000111110000000000000000000000011110000000000000000000000000000000000000000111111111111111110000000000000000000001111111111111111111111111111111111111111111111111111100000000000000000000000111111111111111111111111111100000000000000000000000000000000000000000000000000000000000
000000000000000000000000001111110000000000000000000000011110000000000000000000000000000000000000000001111111111111100000000000000000000001111111111111111111111111111111111111111111111111111100000000000000000000000011111111111111111111111111100000000000000000000000000000000000000000000000000000000000
000000000000000000000000011111100000000000000000000000011110000000000000000000000000000000000000000000111111111111100000000000000000000001111111111111111111111111111111111111111111111111111100000000000000000000000011111111111111111111111111000000000000000000000000000000000000000000000000000000000000
000000000000000000000001111101000000000000000000000000011110000000000000000000000000000000000000000000011111111111100000000000000000000001111111111111111111111111111111111111111111111111111000000000000000000000000001111111111111111111111111000000000000000000000000000000000000000000000000000000000000
000000000000000000000001111000000000000000000000000000011111000000000000000000000000000000000000000000011110000011000000000000000000000001111111111111111111111111111111111111111111111111111000000000000000000000000001111111111111111111111110000000000000000000000000000000000000000000000000000000000000
000000000000000000000000000000000000000000000000000000011111000000000000000000000000000000000000000000111100000011000000000000000000000001111111111111111111111111111111111111111111111111111000000000000000000000000000111111111111111111111100000000000000000000000000000000000000000000000000000000000000
000000000000000000000000000000000000000000000000000000011111000000000000000000000000000000000000000000111000000011000000000000000000000001111111111111111111111111111111111111111111111111111000000000000000000000000111111111111111111111111111000000000000000000000000000000011000000000000011000000000000
000000000000000000000000000000000000000000000000000000011111000000000000000000000000000000000000000000110000000001000000000000000000000001111111111111111111111111111111111111111111111111111000000000000000000000001111111111111111111111111111100000000000000000000000000000011100000000000111000000000000
000000000000000000000000000000000000000000000000000001111110000000000000000000000000000000000000000000110000000001100000000000000000000001111111111111111111111111111111111111111111111111111000000000000000000000001111111111111111111111111111110000000000000000000000000000011110000000001111000000000000
000000000000000000000000000000000000000000000000001111111100000000000000000000000000000000000000000000110000000001100000000000000000000001111111111111111111111111111111111111111101111111111000000000000000000000011111111111100011111111111111110000000000000000000000000000011110000000011111000000000000
000000000000000000000000000000000000000000000000000000000000000000000000000000000000000000000000000000100000000001100000000000000000000001111111111111111111111111111111111111110000111111111100000000000000000000000011111111100011111110000111100000000000000000000000000000011111100000111111000000000000
000000000000000000000000000000000000000000000000000000000000000000000000000000000000000000000000000001100000000001111000000000000000000001111111111111111111001111111111111111000000111111111100000000000000000000000011111111000011111110000000000000000000000000000000000000011111111111111111000000000000
000000000000000000000000000000000000000000000000000000000000000000000000000000000000000000000000000111100000000001111100000000000000000001011111111111111110000011111111111100000000111111111100000000000000000000000011111111000001111110000000000000000000000000000000000000011111111111111111000000000000
000000000000000000000000000000000000000000000000000000000000000000000000000000000000000000000000000101110110000010011111100000000000000001011111111111111100000000011100000000000000111111111110000000000000000000000001100000000000000000000000000000000000000000000000000000011111111111111110000000000000
000000000000000000000000000000000000000000000000000000000000000000000000000000000000000000000000000000111000000000001100010000000000000001011111111111111100000000000000000000000000111111111110000000000000000000000000000000000000000000000000000000000000000000000000000000011111111111111110000000000000
000000000000000000000000000000000000000000000000000000000000000000000000000000000000000000000000000000011100000000000000000000000000000001011111111111111000000000000000000000000000111111111110000000000000000000000000000000000000000000000000000000000000000000000000000000011111111111111110000000000000
000000000000000000000000000000000000000000000000000000000000000000000000000000000000000000000000000000000011000000000000000000000000000001011111111111110000000000000000000000000000111111111110000000000000000000000000000000000000000000000000000000000000000000000000000000001111111111111110000000000000
000000000000000000000000000000000000000000000000000000000000000000000000000000000000000000000000000000000000000000000000000000000000000001011111111111100000000000000000000000000000111111111111000000000000000000000000000000000000000000000000000000000000000000000000000000001111111111111100000000000000
000000000000000000000000000000000000000000000000000000000000000000000000000000000000000000000000000000000000000000000000000000000000000001011111111111100000000000000000000000000000111110111111000000000000000000000000000000000000000000000000000000000000000000000000000000000111111111111100000000000000
000000000000000000000000000000000000000000000000000000000000000000000000000000000000000000000000000000000000000000000000000000000000000111111111111111000000000000000000000000000000111110111111000000000000000000000000000000000000000000000000000000000000000000000000000000000111111111111100000000000000
000000000000000000010000000000000000000000000000000000000000000000000000000000000000000000000000000000000000000000000000000000000000001111111111111111000000000000000000000000000001111110011111100000000000000000000000000000000000000000000000000000000000000000000000000000000011111111111000000000000000
000000000000000000011000000000000000000000000000000011111111111000000000000000000000000000000000000000000000000000000000000000000000001111111111111110000000000000000000000000000000111110011111100000000000000000000000000000000000000000000000000000000000000000000000000000000111111111111000000000000000
000000000000000000011110000000000000111111111111111111111111111111110000000000000000000000000000000000000000000000000000000000000000001111111111111110000000000000000000000000000000111110001111100000000000000000000000000000000000000000000000000000000000000000000000000000011111111111111000000000000000
000000000000000000011111111111111111111111111111111111111111111111111100000011110000000000000000000000000000000000000000000000000000000011111111111100000000000000000000000000000000111100000111110000000000000000000000000000000000000000000000000000011111111111111111111111111111111111110000000000000000
000000000000000000001111111111111111111111111111111111111111111111111111000100011000000000000000000000000000000000000000000000000000000011111111111100000000000000000000000000000001111100000111110000000000000000000000000000000000000000000000000011111111111111111111111111111111111111110000000000000000
000000000000000000011111111111111111111111111111111111111111111111111111110100001000000000000000000000000000000000000000000000000000000111111111111000000000000000000000000000000001111100000011111000000000000000000000000000000000000000000000001111111111111111111111111111111111111111110000000000000000
000000000000000000111111111111111111111111111111111111111111111111111111111011001000000000000000000000000000000000000000000000000000001111111111111000000000000000000000000000000001111100000011111000000000000000000000000000000000000000000000111111111111111111111111111111111111111111110000000000000000
000000000000000011111111111111111111111111111111111111111111111111111111111100011000000000000000000000000000000000000000000000000000001111111111111000000000000000000000000000000001111100000001111100000000000000000000000000000000000000000001111111111111111111111111111111111111111111111000000000000000
000000000000000111111111111111111111111111111111111111111111111111111111111111110000000000000000000000000000000000000000000000000000001111111111110000000000000000000000000000000001111100000001111100000000000000000000000000000000000000000111111111111111111111111111111111111111111111111000000000000000
000000000000001111111111111111111111111111111111111111111111111111111111111111100000000000000000000000000000000010000000000000000000001111111111110000000000000000000000000000000001111100000001111100000000000000000000000000000000000000001111111111111111111111111111111111111111111111110000000000000000
000000000000011111111111111111111111111111111111111111111111111111111111111111000000000000000000000010000000000010000000000000000000001111111111100000000000000000000000000000000001111100000000111100000000000000000000000000000000000000011111111111111111111111111111111111111111111111110000000000000000
000000000000111111111111111111111111111111111111111111111111111111111111111111100000000000000000000010000000000010000000000000000000000111111111100000000000000000000000000000000001111100000000111100000000000000000000000000000000000000111111111111111111111111111111111111111111111111110000000000000000
000000000001111111111111111111111111111111111111111111111111111111111111111111100000000000000000000011000000000100000000000000000000000111111111100000000000000000000000000000000001111100000000111100000000000000000000000000000000000001111111111111111111111111111111111111111111111111110000000000000000
000000001111111111111111111111111111111111111111111111111111111111111111111111100000000000000000000001000000000100000000000000000000000011111111000000000000000000000000000000000001111100000000111100000000000000000000000000000000000011111111111111111111111111111111111111111111111111110000000000000000
000000011111111111111111111111111111111111111111111111111111111111111111111111100000000000000000000001100000000100000000000000000000000111111111000000000000000000000000000000000001111000000000011100000000000000000000000000000000000111111111111111111111111111111111111111111111111111100000000000000000
000000011111111111111111111111111111111111111111111111111111111111111111111111100000000000000000000000111000111000000000000000000000000111101111000000000000000000000000000000000000111000000000011100000000000000000000000000000000001111110001111111111111111111111111111111111111111111100000000000000000
000000011111111111111111111111111111111111111111111111111111111111111111111111100000000000000000000000111001011000000000000000000000000111101111000000000000000000000000000000000000111000000000011100000000000000000000000000000000111111100000111111111111111111111111111111111111111111100000000000000000
000000001111111111111111111111111111111111111111111111111111111111111111111111100000000000000000000000111111111000000000000000000000000111101110000000000000000000000000000000000000111000000000011100000000000000000000000000000111111110000000111111111111111111111111111111111111111111000000000000000000
000000000111111111111111111111111111111111111111111111111111111111111111111111100000000000000000000000111111111000000001100000000000000111001110000000000000000000000000000000000000111000000000011100000000000000001111000000111111111000000000011111111111111111111111111111111111111111000000000000000000
000000000001111111111111111111111111111111111111111111111111111111111111111111000000000000000110000000011111111000000111000000000000000111001110000000000000000000000000000000000000111000000000011100000000000000001111111111111111100000000000011111111111111111111111111111111111111111000000000000000000
000000000000011111111111111111111111111111111111111111111111111111111111111111000000000000000011110000011111110000011100000000000000000111001110000000000000000000000000000000000000111000000000011100000000000000000011111111111110000000000000011111111111111111111111111111111111111110000000000000000000
000000000000000000110011111111111111111111111111111111111111111111111111111110000000000000000000111100001111110001110000000000000000000111001110000000000000000000000000000000000000111000000000011100000000000000000000000000000000000000000000011111111111111110000000000111111111111110000000000000000000
000000000000000000000000011111111111111111111111111111111111111111111111111110000000000000000000001111011111111111000000000000000000000111001110000000000000000000000000000000000000111000000000011100000000000000000000000000000000000000000000011111111111111000000000000001111111111110000000000000000000
000000000000000000000000000001111111111111110000000111111111111111111111111100000000000000000000000011111111111110000000000000000000000111001110000000000000000000000000000000000000111000000000011100000000000000000000000000000000000000000000111111111111110000000000000001111111111100000000000000000000
000000000000000000000000000001111111111111110000000000000001111111111111111100000000000000000000000000111111111100000000000000000000000111011110000000000000000000000000000000000000111000000000011110000000000000000000000000000000000000000001111111111111000000000000000000111111111100000000000000000000
000000000000000000000000000001111111111111110000000000000000111111111111111110000000000000000001111111111111111111111111100000000000000111011110000000000000000000000000000000000000111000000000001110000000000000000000000000000000000000000001111111111100000000000000000000111111111100000000000000000000
000000000000000000000000000001111111111111110000000000000000111111110011111110000000000000000111111101111111111000000000000000000000000111011110000000000000000000000000000000000000111000000000001110000000000000000000000000000000000000000001111111110000000000000000000000111111111100000000000000000000
000000000000000000000000000001111111111111110000000000000000111111110011111111000000000000000000000000111111111100000000000000000000000110011100000000000000000000000000000000000000111000000000001110000000000000000000000000000000000000000001111111100000000000000000000000011111111100000000000000000000
000000000000000000000000000001111111111111110000000000000000011111110001111111100000000000000000000001101111110110000000000000000000001110011100000000000000000000000000000000000000111000000000001110000000000000000000000000000000000000000001111111000000000000000000000000011111111100000000000000000000
000000000000000000000000000001111111111111100000000000000000011111110001111111100000000000000000000001101111110011000000000000000000001110011100000000000000000000000000000000000000111000000000001110000000000000000000000000000000000000000001111111000000000000000000000000011111111100000000000000000000
000000000000000000000000000001111110011111100000000000000000011111110000111111100000000000000000000011001111111001000000000000000000001110011100000000000000000000000000000000000000111000000000001111000000000000000000000000000000000000000001111111000000000000000000000000001111111100000000000000000000
000000000000000000000000000001111110011111100000000000000000011111110000111111000000000000000000000010001111111000100000000000000000001110011100000000000000000000000000000000000000111000000000001111000000000000000000000000000000000000000000111111100000000000000000000000001111111100000000000000000000
000000000000000000000000000001111100011111100000000000000000011111110000011111000000000000000000000100001111111000110000000000000000001110111100000000000000000000000000000000000000111100000000001111000000000000000000000000000000000000000000111111100000000000000000000000001111111100000000000000000000
000000000000000000000000000001111100001111100000000000000000011111100000011111000000000000000000001100001111111000010000000000000000001110111100000000000000000000000000000000000000111100000000001110000000000000000000000000000000000000000000111011110000000000000000000000001111111100000000000000000000
000000000000000000000000000001111100001111100000000000000000011111000000011111000000000000000000001000001111111000001000000000000000011110111100000000000000000000000000000000000000111100000000000111000000000000000000000000000000000000000000111101111100000000000000000000000111111100000000000000000000
000000000000000000000000000001111000001111100000000000000000011110000000011111000000000000000000011000000111111000001100000000000000011110111100000000000000000000000000000000000000011110000000001111000000000000000000000000000000000000000000111111111100000000000000000000000111111100000000000000000000
000000000000000000000000000001111000001111100000000000000000111110000000001111000000000000000000010000000011110000000100000000000000011110111100000000000000000000000000000000000000011110000000001111100000000000000000000000000000000000000000011111000000000000000000000000000111111110000000000000000000
000000000000000000000000000001111000000111100000000000000000111100000000001111000000000000000000110000000000000000000110000000000000011110111100000000000000000000000000000000000000011111000000011111110000000000000000000000000000000000000000011111000000000000000000000000000111111111100000000000000000
000000000000000000000000000011111000000111100000000000000000111100000000001111100000000000000000100000000000000000000000000000000000011110111110000000000000000000000000000000000000111111100000011111110000000000000000000000000000000000000000001111000000000000000000000000000011111111100000000000000000
000000000000000000000000000011111000000111100000000000000001111100000000001111100000000000000000000000000000000000000000000000000000001110001110000000000000000000000000000000000000111111100000000000000000000000000000000000000000000000000000000000000000000000000000000000000011111111100000000000000000
000000000000000000000000000011111000000111100000000000000011111100000000001111100000000000000000000000000000000000000000000000000000001111001111000000000000000000000000000000000000000000000000000000000000000000000000000000000000000000000000000000000000000000000000000000000011111000000000000000000000
000000000000000000000000000111110000000111100000000000000011111000000000001111000000000000000000000000000000000000000000000000000000001111101111100000000000000000000000000000000000000000000000000000000000000000000000000000000000000000000000000000000000000000000000000000000000110000000000000000000000
000000000000000000000000000110000000001110000000000000000011100000000000001110000000000000000000000000000000000000000000000000000000011111111111110000000000000000000000000000000000000000000000000000000000000000000000000000000000000000000000000000000000000000000000000000000000000000000000000000000000
000000000000000000000000000000000000000000000000000000000000000000000000001100000000000000000000000000000000000000000000000000000000000000000000000000000000000000000000000000000000000000000000000000000000000000000000000000000000000000000000000000000000000000000000000000000000000000000000000000000000
000000000000000000000000000000000000000000000000000000000000000000000000000000000000000000000000000000000000000000000000000000000000000000000000000000000000000000000000000000000000000000000000000000000000000000000000000000000000000000000000000000000000000000000000000000000000000000000000000000000000
000000000000000000000000000000000000000000000000000000000000000000000000000000000000000000000000000000000000000000000000000000000000000000000000000000000000000000000000000000000000000000000000000000000000000000000000000000000000000000000000000000000000000000000000000000000000000000000000000000000000
000000000000000000000000000000000000000000000000000000000000000000000000000000000000000000000000000000000000000000000000000000000000000000000000000000000000000000000000000000000000000000000000000000000000000000000000000000000000000000000000000000000000000000000000000000000000000000000000000000000000
000000000000000000000000000000000000000000000000000000000000000000000000000000000000000000000000000000000000000000000000000000000000000000000000000000000000000000000000000000000000000000000000000000000000000000000000000000000000000000000000000000000000000000000000000000000000000000000000000000000000
000000000000000000000000000000000000000000000000000000000000000000000000000000000000000000000000000000000000000000000000000000000000000000000000000000000000000000000000000000000000000000000000000000000000000000000000000000000000000000000000000000000000000000000000000000000000000000000000000000000000
000000000000000000000000000000000000000000000000000000000000000000000000000000000000000000000000000000000000000000000000000000000000000000000000000000000000000000000000000000000000000000000000000000000000000000000000000000000000000000000000000000000000000000000000000000000000000000000000000000000000
000000000000000000000000000000000000000000000000000000000000000000000000000000000000000000000000000000000000000000000000000000000000000000000000000000000000000000000000000000000000000000000000000000000000000000000000000000000000000000000000000000000000000000000000000000000000000000000000000000000000
000000000000000000000000000000000000000000000000000000000000000000000000000000000000000000000000000000000000000000000000000000000000000000000000000000000000000000000000000000000000000000000000000000000000000000000000000000000000000000000000000000000000000000000000000000000000000000000000000000000000
000000000000000000000000000000000000000000000000000000000000000000000000000000000000000000000000000000000000000000000000000000000000000000000000000000000000000000000000000000000000000000000000000000000000000000000000000000000000000000000000000000000000000000000000000000000000000000000000000000000000
