000000000000000000000000000000000000000000000000000000000000000000000000000000000000000000000000000000000000000000000000000000000000000000000000000000
000000000000000000000000000000000000000000000000000000000000000000000000000000000000000000000000000000000000000000000000000000000000000000000000000000
000000000000000000000000000000000000000000000000000000000000000000000000000000000000000000000000000000000000000000000000000000000000000000000000000000
000000000000000000000000000000000000000000000000000000000000000000000000000000000000000000000000000000000000000000000000000000000000000000000000000000
000000000000000000000000000000000000000000000000000000000000000000000000000000000000000000000000000000000000000000000000000000000000000000000000000000
000000000010000000000000000000000000000000000000000000000000000000000000000000000000000000000000111100000000000000000000000000000000000000000000000000
000000001110000000000000000000000000000000000000000000000000000000000000000000000000000000000111111100000000000000000000000000000000000000000000000000
000000001111100000000000000000000000000000000000000000000000000000000000000000000000000000001111111100000000000000000000000000000000000000000000000000
000000001111111000000000000000000000000000000000000000000000000000000000000000000000111000001111111000000000000000000000000000000000000000000000000000
000000001111111110000000000000000000000000000000000000000000000000000000000000000001111000011111110000000000000000000000000000000000000000000000000000
000000001111111111100000000000000000000000000000000000000000000000000000000000000001111000011111100000000000000000000000000000000000000000000000000000
000000011111111111111000000000000000000000000000000000000000000000000000000000000000111100011111000000000000000000000000000001100111110000000000000000
000000011111111111111100000000000000000000000000000000000000000000000000000000000000001111111111000000000000000000000000000011111111111100000000000000
000000111111111111111110000000000000000000000000000000000000000000000000000000000000000111111110000000000000000000000000011111111111111110000000000000
000001111111111111111111100000000000000000000000000000000000000000000000000000000000000011111111000000000000000000000000111111111111111110000000000000
000001111111011111111111111100000000000000000000000000000000000000000000000000000000001111111111100000000000000000000000111111111111111111000000000000
000001111100001111111111111111000000000111110000000000000000000000100000000000000000011111111111110000000000000000000000111111111111111111000000000000
000001111000000111111111111111111111111111111110000000000000000000100000000000000000011111111111111000000000000000001000111111111111111111100000000000
000001110000000011111111111111111111111111111111100000000000100001110000000000000000111111111111111100000000000000011000111111111111111111100000000000
000000000000000011111111111111111111111111111111110000000000110001110000000000000000111111100011111100000000000000011000111111111111111111110000000000
000000000000000001111111111111111111111111111111111000000000110001110000000000000000111111000001100000000000000000111001111111111111111111110000000000
000000000000000001111111111111111111111111111111111100000000011011111000000000000000111110000000100000000000000001110001111111111111111111110000000000
000000000000000000111111111111111111111111111111111100000000011111111000000000000000111110000000000000000000000010000001111111111111111111110000000000
000000000000000000111111111111111111111111111111111110000000011111111000000000000000111100000000000000000000000100000001111111111111111111110000000000
000000000000000000111111111111111111111111111111111110000000111111111000000000000000111100000000000000000000001000000001111111111111111111110000000000
000000000000000000111111111111111111111111111111111110000000111111111000000000000000111100000000000000000000010000000001111111111111111111110000000000
000000000000000000111111111111111111111111111111111110000000111111111000000000000000111000000000000000000000000000000001111111111111111111110000000000
000000000000000000011111111111111111111111111111111110000000111111111100000000000000100000000000000000000000000000000001111111111111111111110000000000
000000000000000000011111111111111111111001111111111110000001111111111110000000000000000000000000000000000000010000001111111111111111111111100000000000
000000000000000000001111111111111111000000111111111110000001111111111111000000000000000000000000000000000000011011111111111111111111111111100000000000
000000000000000000000111111111000000000000111111111110000000111111111111110000000000000000000000000000000000001111111111111111111111111111100000000000
000000000000000000000111110000000000000000011111111110000000000001111111111111111111000000000000000000000000000111111111111111111111111111100000000000
000000000000000000000111110000000000000000011111111110000000000001111111111111111111111000000000000000000000000111111111111111111111111111100000000000
000000000000000000000011110000000000000000011111111110000000000001111111111111111111111100000000000000000000001111111111111111111111111111000000000000
000000000000000000000011110000000000000000001111111110000000000001111111111111111111111100000000000000000000001111111111111111111111111110000000000000
000000000000000000000011110000000000000000001111111110000000000001111111111111111111111110000000000000000000011111111111111111111111111110000000000000
000000000000000000000011110000000000000000001111111110000000000001111111111111111111111110000000000000000000111111111111111111111111111100000000000000
000000000000000000000011110000000000000000001111111110000000000000111111111111111111111111000000000000000111111111100111111111111111111100000000000000
000000000000000000000011110000000000000000000111111110000000000000111111111111111111111111100000000000001111111111001111111111111111111100000000000000
000000000000000000000011110000000000000000000111111110000000000000111111111111111111111111111010000000001111111110001111111111111111111110000000000000
000000000000000000000011110000000000000000000110110000000000000000111111111111111111111111111100000000001111111100000111111111111111111110000000000000
000000000000000000000001110000000000000000000110110000000000000000111111111111111111001111100000000000001110000000000111001111110011101111000000000000
000000000000000000000001110000000000000000000110110000000000000000111111111110011111000111100000000000001110000000000011110111110011100111100000000000
000000000000000000000011111000000000000000001110110000000000000000110001111100011111000111100000000000001110000000000001111111110010000111100000000000
000000000000000000000011110000000000000000001110110000000000000000110000011100001111000111110000000000001111000000000000111111110000000011110000000000
000000000000000000000111110000000000000000001100110000000000000000110000001100000111100011110000000000001111000000000000011111111000000011111110000000
000000000000000000000111110000000000000000011101100000000000000000110000001100000011100001111000000000001111100000000000000001111000000001111111000000
000000000000000000001111000000000000000000111001100000000000000000110000001100000001110000111000000000000000000000000000000001111100000000111111000000
000000000000000000000000000000000000000000000011100000000000000000110000001100000000110000011100000000000000000000000000000000111111000000011111000000
000000000000000000000000000000000000000000000000000000000000000000110000001100000000100000001100000000000000000000000000000000111111100000000000000000
000000000000000000000000000000000000000000000000000000000000000000110000001100000001100000000110000000000000000000000000000000011111110000000000000000
000000000000000000000000000000000000000000000000000000000000000000110000001000000001100000000110000000000000000000000000000000001111100000000000000000
000000000000000000000000000000000000000000000000000000000000000000010000001000000011000000000010000000000000000000000000000000000000000000000000000000
000000000000000010000000000000000000000000000000000000000000000000010000001000000000000000000010000000000000000000000000000000000000000000000000000000
000000000000011111111100000000000000000000000000000000000000000000110000001000000000000000000010000000000000000000000000000000000000000000000000000000
000000000000111111111111100000000000000000000000000000000000000000110000011000000000000000000110000000000000000000000000000000000000000000000000000000
000000000111111111111111111000000000000000000000000000000000000001110000011000000000000000000110000000000000000000000000000000000000000000000000000000
000000001111111111111111111100011000000000000000000000000000000001100000011000000000000000000000000000000000000000000000000000000000000000000000000000
000000011111111111111111111001111000000000000000000000000000000000000000111000000000000000000000000000000000000000000000000000000000000000000000000000
000000111111111111111111111111111000000000000000000001111110000000000000010000000000000000000000000000000000000000000000000000000000000000000000000000
000000111111111111111111111111110000000000000000000011111111100000000000000000000000000000000000000000000111111000000000000000000000000000000000000000
000000011111111111111111111111111000000000000000000111111110000000000000000000000000000000000000000000000111111111111111111111111111111111111000000000
000000001111111111111111111001111000000000000000000111111100000000000000000000000000000000000000000000000011111111111111111111111111111111111110000000
000000000111111111111111111100111000000000000000001111111000000000000000000000000000000000000000000000000111111111111111111111111111111111111110000000
000000000111111111111111111110010000000000000000111111111000000000000000000000000000000000000000000000000111111111111111111111111111111111111111000000
000000000001111111111111111110000000000000000111111111111000000000000000000000000000000000000000000000001111111111111111111111111111111111111111000000
000000000000111110111111111000000000000001111111111111110000000000000000000000000000000000000000000000001111111111111111111111111111111111111111000000
000000000000000000000000000000000000001111111111111111110000000000000000000000000000000000000000000000000111111111111111111111111111111111111111100000
000000000000000000000000000000000000011111111111111111110000000000000000000000000000000000000000000000000000011111111111111111111111111111111110100000
000000000000000000000000000000000001111111111111111111100000000000000000000000000000111110000000000000000000111111111111111111111111111111111110100000
000000000000000000000000000000001111111111111111111111100000000000000000000000000000111111000000000000000000000111111111111111111111111111111110100000
000000000000000000000000000000000111111111111111111111000000000000000000000000000001111111000000000000000000000011111111111111111111111111111100100000
000000000000000000000000000000111111111111111111111110000000000000000000000000000011111110000000000001000000000011111111111111111111111111111100100000
000000000000011000000000000001111110000000011111111100000000000000000001111111111111111100000000000001100000000001111111111111111111111111111101100000
000000000000111100000000000000000000000000001111111000000000000000001111111111111111111000000000000011110000000001111111111111111111111111111101100000
000000000000011100000000000000000000000000001011000000000000000000011111111111111111110000000000000111111000000000111111111111111111111111111110100000
000000000000001100000000000000000000000000000110000000000000000000011111111111111111100000000000011111111000000000001111110000111110001111111110000000
000000000000001100000000000000000000000000000101000000000000000000011111111111111111100000000000011111111100000000001101110000000000000011111110000000
000000000000001000000000000000000000000000000111000000000000000000111111111111111111000000000000111111111110000000001100110000000000000000111110000000
000000000000011000000000000000000000000000000100000000000000000000111111111100001110000000000001111111111110000000001100110000000000000000110110000000
000000000000011000000000000000000000000000000000000000000000000001111111100000001110000000000001111100011111000000011100110000000000000001110110000000
000000000000010000000000000000000000000000000000000000000000000111111111100000000110000000000011111000000010000000011000010000000000000001100110000000
000000000000110000000000000000000000000000000000000000000000011111111111100000000111000000000011111000000000000000011000011000000000000001100110000000
000000000000100000000000000000000000000000000000000000001111111111011110000000000010000000000111110000000000000000011000011000000000000001100110000000
000000000001100000000000000000000000000000000000000011111111111000001111000000000000000000000111110000000000000000111000111000000000000011101110000000
000000000001100000000000000000000000000000000000000011111111000000001111000000000000000000000111100000000000000000110000000000000000000111001100000000
000000000001100000000000000000000000000000000000000000000000000000000000000000000000000000001111100000000000000000000000000000000000000111000000000000
000000000001100111111111111000000000011100000000000000000000000000000000000000000000000000001111100000000000000000000000000000000000000000000000000000
000000000001111111111111111110000001111100000000000000000000000000000000000000000000000000001111100000000000000000000000000000000000000000000000000000
000000000001111111111111111111000001111110000000000000000000000000000000000000000000000000011111100000000000000000000000000000000000000000000000000000
000000000001111111111111111111110011111110000000000000000000000000000000000000000000000000011111100000000000000000000000000000000100000000000000000000
000000000001111111111111111111111111111110000000000000000000000000000000000000000000000000011111100000000000000000000000000000001110000000000000000000
000000000001111111111111111111111111111110000000000000000000000000000000000000000000000000011111100000000000000000000000000000011111000000000000000000
000000000001111111111111111111111111111100000000000000000000011000000000000000000000000000111111100000000000000000000000000001111111000000000000000000
000000000000111111111111111111111111111000000000000000000000111100000000000000000000000000111111000000000000000000000000000000000111000000000000000000
000000000000111111111111111111111111110000000000000000000001111100000000000000000000000000111111000000000000000000000000000000000110000000000000000000
000000000000111111111111111111111111000000000000000000000001111110000000000000000000000001111111000000000110000000000001000000001110000000000000000000
000000000000111111111111111111111110000000000000000000000001111100000000000000000000000011111111000000000111100000000010000000001110000000000000000000
000000000000011111111111111111111000000000000000000000000011111100000000000000000000000111111111000000000011110000001110000000011110000000000000000000
000000000000011111111111111111110000000000000000000000000011111100000000000000000000001111111111000000000011111000011100000000111111100000000000000000
000000000000000111111111100000000000000000000000000000000111111100000000000000000000011111111111000000000001111100011100000000111111111100000000000000
000000000000000000000111100000000000000001111000000000000111111100000000000000000000111111111111000000000001111110111100000000111111111111000000000000
000000000000000000000011110000000000000011111000000000011111111110000000000000000000111111111110000000000000111111111000000000111111111111100000000000
000000000000000000000001111000000000000011111101111111111111111110000000000000000001111111111110000000000000011111111000000000111111111111111000000000
000000000000000000000001111100000000000011111111111111111111111110000000000000000111111111111110000000000000001111111000000000011111111111111100000000
000000000000000000000001111100000000000011111111111111111111111110000000000000011111111111111100000000000000001111111100000000001111111111111110000000
000000000000000000000001101100000000000011111111111111111111111100000000001111111111111111111100000000000000001111111100000000000111111111111111000000
000000000000000000000011101100000000000000111111111111111111111100000000011111111111111111111100000000000000011111111100000000000011111111111111100000
000000000000000000001111000100000000000000000111111111111111111100000000111111111111111111111110000000000000011111111110000000000000011111111111100000
000000000000000000011100000100000000000000000111111111111111111100000001111111111111111111111110000000000000111111111110000000000000010000000000000000
000000000000000001110000000110000000000000000011111111111111111000000011111111111111111111111111000000000001111111111111000000000001110000000000000000
000000000000000111000000000110000000000000000000111111111111100000000111111111111111111111111111000000000001111111111111000000000001110000000000000000
000000000000001110000000000110000000000000000000111111111111000000000111111111111111111111111110000000000011111111111111100000000001000000000000000000
000000000000001100000000000110000000000000000000011111111100000000000111111111111111111111111110000000000001111111111111100000000000000000000000000000
000000000000011100000000000010000000000000000000000111111100000000000111111111111111111111111110000000000001111111111111000000000000000000000000000000
000000000000110000000000000011000000000000000000000111111000000000000111111111111111111111111110000000000001111111111111000000000000000000000000000000
000000000000000000000000000011000000000000000000000110001000000000000111111111111111111111111100000000000001111111111111000000000000000000000000000000
000000000000000000000000000111000000000000000000000100001000000000000111111111111111111111111110000000000011111111111111100000000000000110000011000000
000000000000000000000000011100000000000000000000000100000100000000000111111111111111111100111110000000000011111101111111100000000000000111000111000000
000000000000000000000000000000000000000000000000001100001110000000000111111111001111110000111110000000000001111001110000000000000000000111111111000000
000000000000000000000000000000000000000000000000000100000010100000000111111110000000000000111110000000000000000000000000000000000000000011111111000000
000000000000000000000000000000000000000000000000000000000000000000000011111100000000000000111111000000000000000000000000000000000000000011111110000000
000000000000000000000000000000000000000000000000000000000000000000001111111100000000000000111111000000000000000000000000000000000000000011111110000000
000000000000000000000000000000000000000000000000000000000000000000011111111000000000000000111111000000000000000000000000000000000000000001111110000000
000000000010000000000011111111111000000000000000000000000000000000011111111000000000000000110011100000000000000000000000000000000000000011111100000000
000000000011111111111111111111111111001100000000000000000000000000001111110000000000000000110011100000000000000000000000000111111111111111111100000000
000000000111111111111111111111111111110010000000000000000000000000011111110000000000000000110001110000000000000000000000011111111111111111111100000000
000000001111111111111111111111111111111100000000000000000000000000011111100000000000000000110001110000000000000000000001111111111111111111111100000000
000000011111111111111111111111111111111000000000000000001000000000011111100000000000000001110000110000000000000000000011111111111111111111111100000000
000000111111111111111111111111111111111000000000001000000000000000001111000000000000000001110000110000000000000000000111111111111111111111111100000000
000011111111111111111111111111111111111100000000000000010000000000001111000000000000000000110000110000000000000000001111111111111111111111111100000000
000011111111111111111111111111111111111100000000000110110000000000001111000000000000000000100000110000000000000000111100111111111111111111111000000000
000011111111111111111111111111111111111000000000000111110000000000001011000000000000000000100000110000000010000011110000111111111111111111111000000000
000000111111111111111111111111111111111000000001000011100010000000001011000000000000000000100000010000000001111111000000011111111111111111111000000000
000000000000111111111111111111111111111000000000010011101000000000011011000000000000000000100000010000000000000000000000111111110000001111110000000000
000000000000000111111100000001111111110000000000001111110000000000001010000000000000000000100000010000000000000000000000111111000000000111110000000000
000000000000000111111100000000111101111000000001111111110000000000011010000000000000000000100000010000000000000000000001111110000000000111110000000000
000000000000000111111100000000111101111000000000000111110000000000011010000000000000000000110000010000000000000000000000111000000000000111110000000000
000000000000000111111100000000111100111000000000001011101000000000011110000000000000000000110000011000000000000000000000111000000000000011110000000000
000000000000000110011000000000011100111000000000000011110100000000010110000000000000000000110000011000000000000000000000111000000000000011110000000000
000000000000000110011000000000011000011000000000010011110000000000010110000000000000000000110000011000000000000000000000111110000000000011110000000000
000000000000000110011000000000111000011000000000000001100010000000010110000000000000000000010000011000000000000000000000111110000000000001110000000000
000000000000001110011000000000110000011000000000100000000000000000011110000000000000000000111000011100000000000000000000011000000000000001111000000000
000000000000001110011000000001110000011000000000000000000000000000011011000000000000000000000000000000000000000000000000000000000000000001110000000000
000000000000001000011000000001100000011000000000000000000000000000011111100000000000000000000000000000000000000000000000000000000000000000000000000000
000000000000000000000000000000000000000000000000000000000000000000000000000000000000000000000000000000000000000000000000000000000000000000000000000000
000000000000000000000000000000000000000000000000000000000000000000000000000000000000000000000000000000000000000000000000000000000000000000000000000000
000000000000000000000000000000000000000000000000000000000000000000000000000000000000000000000000000000000000000000000000000000000000000000000000000000
000000000000000000000000000000000000000000000000000000000000000000000000000000000000000000000000000000000000000000000000000000000000000000000000000000
000000000000000000000000000000000000000000000000000000000000000000000000000000000000000000000000000000000000000000000000000000000000000000000000000000
